 Linelist found in the R.A. Toth directory
 Perhaps associated with Toth RA, JMS, 195, 98 - 122 (1999)
=====================================================================
   Measured parameters of D2O, 9 before freq. is doubled line. 
   Strength in cm-2/atm at 296K. Molecule normalized to 100% D2O16

                upper     lower
  position     J Ka Kc   J Ka Kc   strength %s  mo is  band     

  2198.47900   7  4  4   8  5  3   1.63E-03 10. 80 1  020 000
  2210.99610   6  4  2   7  5  3   2.49E-03 10. 80 1  020 000
  2211.41710  11  1 11  12  0 12   2.25E-03 10. 80 1  020 000
  2215.09400   6  5  1   7  6  2   3.11E-03 10. 80 1  020 000
  2219.97670   5  2  4   6  3  3   3.11E-03 10. 80 1  020 000
  2223.03990   5  4  2   6  5  1   3.42E-03 10. 80 1  020 000
  2227.31450   5  5  1   6  6  0   4.34E-03 10. 80 1  020 000
  2230.25590   6  2  4   7  3  5   2.72E-03 10. 80 1  020 000
  2233.27760   9  1  9  10  0 10   4.31E-03 10. 80 1  020 000
  2235.17990   4  3  2   5  4  1   2.67E-03 10. 80 1  020 000
  2235.30360   4  4  0   5  5  1   7.23E-03 10. 80 1  020 000
  2235.54380   4  3  1   5  4  2   5.69E-03  3. 80 1  020 000
  2236.25660   5  2  3   6  3  4   2.13E-03 10. 80 1  020 000
  2236.78190   4  2  3   5  3  2   2.43E-03 10. 80 1  020 000
  2238.44000   9  2  8  10  1  9   1.96E-03 10. 80 1  020 000
  2241.51400   8  1  7   9  2  8   3.07E-03 10. 80 1  020 000
  2243.64630   8  0  8   9  1  9   5.66E-03 10. 80 1  020 000
  2243.98420   8  1  8   9  0  9   2.67E-03 10. 80 1  020 000
  2244.10780   4  2  2   5  3  3   5.02E-03 10. 80 1  020 000
  2247.57190   3  3  1   4  4  0   7.20E-03 10. 80 1  020 000
  2247.62380   3  3  0   4  4  1   3.73E-03 10. 80 1  020 000
  2249.27370   3  1  3   4  2  2   2.80E-03 10. 80 1  020 000
  2251.33638   3  2  2   4  3  1   5.86E-03 10. 80 1  020 000
  2253.34370   6  1  5   7  2  6   4.21E-03 10. 80 1  020 000
  2253.89140   7  0  7   8  1  8   4.04E-03 10. 80 1  020 000
  2254.58370   7  1  7   8  0  8   7.73E-03  2. 80 1  020 000
  2258.68700   5  1  4   6  2  5   2.91E-03 10. 80 1  020 000
  2259.79600   7  2  6   8  1  7   3.70E-03 10. 80 1  020 000
  2263.76802   6  0  6   7  1  7   9.31E-03  5. 80 1  020 000
  2264.46240   4  1  3   5  2  4   5.48E-03 10. 80 1  020 000
  2264.53240   2  2  1   3  3  0   4.22E-03 10. 80 1  020 000
  2265.02510   2  2  0   3  3  1   7.94E-03 10. 80 1  020 000
  2265.15450   6  1  6   7  0  7   4.55E-03  4. 80 1  020 000
  2266.00270   8  0  8   8  1  7   1.79E-03 10. 80 1  020 000
  2269.04810   2  1  2   3  2  1   2.27E-03 10. 80 1  020 000
  2271.20700   3  1  2   4  2  3   2.93E-03 10. 80 1  020 000
  2273.15190   5  0  5   6  1  6   5.64E-03  5. 80 1  020 000
  2273.33700   7  1  7   7  2  6   2.39E-03 10. 80 1  020 000
  2275.83750   5  1  5   6  0  6   1.07E-02  4. 80 1  020 000
  2279.23270   2  1  1   3  2  2   6.59E-03  2. 80 1  020 000
  2281.93500   4  0  4   5  1  5   1.04E-02  3. 80 1  020 000
  2285.54760   1  1  1   2  2  0   5.93E-03 10. 80 1  020 000
  2285.85940   5  2  4   6  1  5   4.24E-03 10. 80 1  020 000
  2286.84930   4  1  4   5  0  5   5.06E-03 10. 80 1  020 000
  2288.67170   1  1  0   2  2  1   3.62E-03 10. 80 1  020 000
  2289.96970   6  0  6   6  1  5   3.89E-03 10. 80 1  020 000
  2290.17820   3  0  3   4  1  4   5.57E-03 10. 80 1  020 000
  2290.77430   5  1  5   5  2  4   4.40E-03  4. 80 1  020 000
  2292.61840   9  3  7   9  4  6   1.72E-03 10. 80 1  020 000
  2294.76769   6  2  5   6  3  4   1.94E-03 10. 80 1  020 000
  2297.89270   5  2  4   5  3  3   5.14E-03 10. 80 1  020 000
  2298.46420   3  1  3   4  0  4   9.48E-03  4. 80 1  020 000
  2299.90600   4  2  3   4  3  2   2.05E-03 10. 80 1  020 000
  2301.00840   3  2  2   3  3  1   3.06E-03 10. 80 1  020 000
  2301.32060   5  0  5   5  1  4   3.00E-03 10. 80 1  020 000
  2303.41666   3  1  3   3  2  2   4.60E-03 10. 80 1  020 000
  2305.36120   4  2  2   4  3  1   5.14E-03  5. 80 1  020 000
  2307.28900   7  1  6   7  2  5   2.05E-03 10. 80 1  020 000
  2308.63560   5  2  3   5  3  2   2.93E-03 10. 80 1  020 000
  2310.85233   2  1  2   3  0  3   3.47E-03 10. 80 1  020 000
  2312.00910   6  2  4   6  3  3   5.45E-03  3. 80 1  020 000
  2313.34460   6  1  5   6  2  4   6.03E-03  5. 80 1  020 000
  2314.85781   8  2  6   8  3  5   3.54E-03 10. 80 1  020 000
  2316.52510   3  2  2   4  1  3   2.44E-03 10. 80 1  020 000
  2316.57980   0  0  0   1  1  1   5.15E-03  5. 80 1  020 000
  2316.78770   5  1  4   5  2  3   4.62E-03  5. 80 1  020 000
  2317.87072   4  1  3   4  2  2   9.51E-03  5. 80 1  020 000
  2323.45134   2  0  2   2  1  1   9.68E-03  5. 80 1  020 000
  2323.81180   1  1  1   2  0  2   3.38E-03 10. 80 1  020 000
  2326.28640   1  0  1   1  1  0   3.95E-03 10. 80 1  020 000
  2350.23070   1  1  0   1  0  1   3.72E-03 10. 80 1  020 000
  2353.38873   2  1  1   2  0  2   1.03E-03  8. 80 1  020 000
  2358.87050   3  1  2   3  0  3   4.08E-03 10. 80 1  020 000
  2359.68947   1  1  1   0  0  0   5.35E-03  4. 80 1  020 000
  2367.06180   4  1  3   4  0  4   7.04E-03  3. 80 1  020 000
  2369.18190   2  1  2   1  0  1   3.46E-03 10. 80 1  020 000
  2370.55068   4  2  2   4  1  3   8.73E-03 10. 80 1  020 000
  2370.73770   3  2  1   3  1  2   3.99E-03 10. 80 1  020 000
  2372.29140   2  2  0   2  1  1   4.80E-03 10. 80 1  020 000
  2372.70787   5  2  3   5  1  4   3.81E-03 10. 80 1  020 000
  2377.57263   3  1  3   2  0  2   8.77E-03  8. 80 1  020 000
  2377.67173   4  0  4   3  1  3   8.41E-03  2. 80 1  020 000 
  2380.96000  10  8  2  11  9  3   1.32E-03 10. 80 1  100 000
  2383.10640   3  2  2   3  1  3   5.01E-03 10. 80 1  020 000
  2383.48960  10  6  5  11  8  4   1.34E-03 10. 80 1  001 000
  2385.44050   4  1  4   3  0  3   5.36E-03 10. 80 1  020 000
  2386.38940   7  2  5   7  1  6   1.65E-03 10. 80 1  020 000
  2388.47890   4  2  3   4  1  4   2.30E-03 10. 80 1  020 000
  2388.94561   5  0  5   4  1  4   4.95E-03 10. 80 1  020 000
  2390.08830   6  1  5   6  0  6   3.37E-03 10. 80 1  020 000
  2393.37259   5  1  5   4  0  4   1.04E-02  5. 80 1  020 000
  2393.84210   9  8  2  10  9  1   2.46E-03 10. 80 1  100 000
  2394.50690   7  3  4   7  2  5   1.81E-03 10. 80 1  020 000
  2395.18120   5  2  4   5  1  5   3.68E-03 10. 80 1  020 000
  2395.42550   8  3  5   8  2  6   2.87E-03 10. 80 1  020 000
  2396.18930   6  3  3   6  2  4   4.17E-03 10. 80 1  020 000
  2398.09210   9  6  4  10  8  3   8.68E-04 15. 80 1  001 000
  2398.10960   9  6  3  10  8  2   2.27E-03 15. 80 1  001 000
  2398.51020   2  2  1   1  1  0   3.39E-03 10. 80 1  020 000
  2399.26180   5  3  2   5  2  3   2.67E-03 10. 80 1  020 000
  2399.29204   6  0  6   5  1  5   9.84E-03  3. 80 1  020 000
  2401.37130   2  2  0   1  1  1   6.38E-03 10. 80 1  020 000
  2401.61190   6  1  6   5  0  5   5.22E-03 10. 80 1  020 000
  2402.43760   4  3  1   4  2  2   4.29E-03 10. 80 1  020 000
  2404.74660   3  3  0   3  2  1   1.55E-03 10. 80 1  020 000
  2405.02400   6  1  5   5  2  4   3.21E-03 10. 80 1  020 000
  2406.66020  10  6  4  11  7  5   2.08E-03 10. 80 1  100 000
  2406.67420   8  8  0   9  9  1   4.09E-03 10. 80 1  100 000
  2406.86200  10  6  5  11  7  4   9.64E-04 10. 80 1  100 000
  2406.91840   3  3  1   3  2  2   2.90E-03 10. 80 1  020 000
  2408.27347   3  2  2   2  1  1   6.32E-03 10. 80 1  020 000
  2408.92840   7  0  7   6  1  6   4.19E-03  4. 80 1  020 000
  2410.08040   7  1  7   6  0  6   8.68E-03  6. 80 1  020 000
  2410.47120   5  3  3   5  2  4   4.18E-03  8. 80 1  020 000
  2411.85240   7  2  6   7  1  7   2.13E-03 10. 80 1  020 000
  2412.52760  11  5  7  12  6  6   1.14E-03 10. 80 1  100 000
  2412.89180   8  6  3   9  8  2   3.71E-03 10. 80 1  001 000
  2417.64200   3  2  1   2  1  2   2.46E-03 10. 80 1  020 000
  2418.05966   8  0  8   7  1  7   6.69E-03 10. 80 1  020 000
  2418.61390   8  1  8   7  0  7   3.47E-03 10. 80 1  020 000
  2418.94200   7  3  5   7  2  6   2.31E-03 10. 80 1  020 000
  2420.45860   7  1  6   6  2  5   1.71E-03 10. 80 1  020 000
  2420.83250   9  6  3  10  7  4   2.59E-03 10. 80 1  100 000
  2420.90820   9  6  4  10  7  3   5.13E-03 10. 80 1  100 000
  2421.07600   8  0  8   9  3  7   1.21E-03 10. 80 1  100 000
  2421.48810   9  6  4   8  7  1   1.26E-03 10. 80 1  020 000
  2424.33740   5  2  4   4  1  3   5.83E-03 10. 80 1  020 000
  2425.68130   8  7  1   9  8  2   3.52E-03  5. 80 1  100 000
  2426.82130   9  0  9   8  1  8   2.86E-03 10. 80 1  020 000
  2427.08317   9  1  9   8  0  8   5.35E-03  6. 80 1  020 000
  2427.14560  10  5  5  11  6  6   2.72E-03  6. 80 1  100 000
  2427.96280   7  6  1   8  8  0   5.19E-03 10. 80 1  001 000
  2431.18080   9  2  8   9  1  9   8.51E-04 10. 80 1  020 000
  2431.21810   6  2  5   5  1  4   2.50E-03 10. 80 1  020 000
  2434.56490   8  1  7   7  2  6   3.10E-03 10. 80 1  020 000
  2435.09375   8  6  2   9  7  3   7.51E-03  3. 80 1  100 000
  2435.11450   8  6  3   9  7  2   3.75E-03  7. 80 1  100 000
  2435.29130  10  0 10   9  1  9   3.51E-03 10. 80 1  020 000
  2435.41440  10  1 10   9  0  9   2.17E-03 10. 80 1  020 000
  2435.48410   9  2  8  10  3  7   1.85E-03 10. 80 1  100 000
  2437.13151   4  2  2   3  1  3   3.04E-03  6. 80 1  020 000
  2437.42400   7  7  1   8  8  0   6.82E-03 10. 80 1  100 000
  2437.68000   6  4  2   6  3  3   2.31E-03 10. 80 1  020 000
  2438.05434   7  2  6   6  1  5   4.13E-03  7. 80 1  020 000
  2440.07330   9  5  5  10  6  4   5.99E-03  5. 80 1  100 000
  2440.23610   9  5  4  10  6  5   2.92E-03  5. 80 1  100 000
  2440.26600  10  4  7  11  5  6   1.56E-03 10. 80 1  100 000
  2440.57090   4  4  0   4  3  1   1.69E-03 10. 80 1  020 000
  2441.10924   5  4  2   5  3  3   2.19E-03 10. 80 1  020 000
  2442.61420   7  4  4   7  3  5   1.78E-03 10. 80 1  020 000
  2442.81090   3  3  1   2  2  0   8.34E-03  8. 80 1  020 000
  2443.32250   3  3  0   2  2  1   3.95E-03 10. 80 1  020 000
  2443.51020  11  0 11  10  1 10   1.55E-03 10. 80 1  020 000
  2443.56820  11  1 11  10  0 10   2.46E-03 10. 80 1  020 000
  2449.40160   7  6  2   8  7  1   1.87E-02  4. 80 1  100 000
  2451.49940  12  0 12  11  1 11   1.84E-03 10. 80 1  020 000
  2453.30970  10  4  6  11  5  7   3.62E-03  8. 80 1  100 000
  2453.70210   8  5  4   9  6  3   4.86E-03  3. 80 1  100 000
  2453.71960   8  5  3   9  6  4   1.03E-02  5. 80 1  100 000
  2454.05150   4  3  2   3  2  1   3.00E-03 10. 80 1  020 000
  2456.58164   4  3  1   3  2  2   7.06E-03 10. 80 1  020 000
  2456.70134   9  4  6  10  5  5   6.63E-03  5. 80 1  100 000
  2459.28160  13  1 13  12  0 12   9.81E-04 10. 80 1  020 000
  2459.32257   9  3  7  10  4  6   5.19E-03 10. 80 1  100 000
  2462.79400   9  4  5  10  5  6   3.32E-03 10. 80 1  100 000
  2463.70212   6  6  0   7  7  1   2.67E-02  5. 80 1  100 000
  2463.87900   5  3  3   4  2  2   4.86E-03 10. 80 1  020 000
  2466.72400   8  2  7   9  3  6   2.04E-03 10. 80 1  100 000
  2467.36160   7  5  3   8  6  2   2.63E-02  3. 80 1  100 000
  2468.13160   7  1  7   8  2  6   2.40E-03  5. 80 1  100 000
  2471.14386   5  3  2   4  2  3   2.13E-03 10. 80 1  020 000
  2471.60610   8  4  5   9  5  4   6.00E-03 10. 80 1  100 000
  2473.77020   6  0  6   7  3  5   2.00E-03 10. 80 1  100 000
  2473.90770   8  4  4   9  5  5   1.22E-02  6. 80 1  100 000
  2476.35660   8  5  3   8  4  4   9.94E-04 10. 80 1  020 000
  2478.94350   7  3  5   6  2  4   2.39E-03  8. 80 1  020 000
  2481.01670   6  5  1   7  6  2   3.88E-02  4. 80 1  100 000
  2481.08550   8  3  6   9  4  5   4.76E-03  4. 80 1  100 000
  2485.58700   7  4  4   8  5  3   1.98E-02  3. 80 1  100 000
  2486.19280   7  4  3   8  5  4   9.93E-03 10. 80 1  100 000
  2486.55300  11  3  8  12  4  9   1.06E-03 15. 80 1  100 000
  2487.86910   6  3  3   5  2  4   2.82E-03  8. 80 1  020 000
  2488.04970  10  3  7  11  4  8   3.93E-03 10. 80 1  100 000
  2490.18050   4  4  1   3  3  0   3.50E-03 10. 80 1  020 000
  2490.24120   4  4  0   3  3  1   6.92E-03 10. 80 1  020 000
  2490.27200   9  3  7   8  2  6   1.30E-03 10. 80 1  020 000
  2494.60140   5  5  1   6  6  0   5.47E-02  4. 80 1  100 000
  2495.00250   7  2  6   8  3  5   8.84E-03  4. 80 1  100 000
  2495.47110  15  1 15  16  0 16   1.62E-03 10. 80 1  100 000
  2495.81070   9  3  6  10  4  7   3.94E-03 10. 80 1  100 000
  2499.04037   6  4  3   7  5  2   1.50E-02  3. 80 1  100 000
  2499.12145   6  4  2   7  5  3   3.10E-02  3. 80 1  100 000
  2499.95810   7  3  5   8  4  4   1.50E-02  3. 80 1  100 000
  2500.26600   6  1  6   7  2  5   2.23E-03 10. 80 1  100 000
  2502.36326   5  4  2   4  3  1   5.11E-03  5. 80 1  020 000
  2502.48790   8  3  5   9  4  6   1.26E-02 10. 80 1  100 000
  2502.78780   5  4  1   4  3  2   2.59E-03  5. 80 1  020 000
  2505.35200  12  2 10  13  3 11   2.40E-03 10. 80 1  100 000
  2507.05170  14  0 14  15  1 15   3.69E-03 10. 80 1  100 000
  2507.12700  13  1 12  14  2 13   1.18E-03  5. 80 1  100 000
  2507.26290  13  2 12  14  1 13   2.36E-03  5. 80 1  100 000
  2510.52850   7  3  4   8  4  5   1.01E-02 10. 80 1  100 000
  2512.29550   5  4  2   6  5  1   7.17E-02  4. 80 1  100 000
  2514.90670  11  2  9  12  3 10   1.43E-03 10. 80 1  100 000
  2515.25151   6  3  4   7  4  3   1.54E-02  6. 80 1  100 000
  2515.59500   6  4  2   5  3  3   3.33E-03  8. 80 1  020 000
  2518.49640  12  1 11  13  2 12   3.66E-03 10. 80 1  100 000
  2518.53020  13  1 13  14  0 14   6.53E-03 10. 80 1  100 000
  2519.74600   6  2  5   7  3  4   9.78E-03  5. 80 1  100 000
  2520.27900   6  3  3   7  4  4   3.18E-02  2. 80 1  100 000
  2522.92480  11  3  9  12  2 10   3.18E-03 10. 80 1  100 000
  2523.35600  10  2  8  11  3  9   5.60E-03 10. 80 1  100 000
  2524.36550   7  4  4   6  3  3   2.10E-03 10. 80 1  020 000
  2525.26570  14  0 14  14  1 13   6.73E-04 10. 80 1  100 000
  2525.49500   4  4  0   5  5  1   9.07E-02  3. 80 1  100 000
  2529.69180  11  1 10  12  2 11   3.32E-03 10. 80 1  100 000
  2529.74480   8  1  7   8  4  4   1.07E-03 10. 80 1  100 000
  2529.82296   5  3  3   6  4  2   4.72E-02  4. 80 1  100 000
  2529.89480  12  0 12  13  1 13   1.20E-02  4. 80 1  100 000
  2530.24850  11  2 10  12  1 11   6.44E-03  5. 80 1  100 000
  2530.27140   5  1  5   6  2  4   7.90E-03  3. 80 1  100 000
  2530.68620   9  2  7  10  3  8   4.41E-03  3. 80 1  100 000
  2531.57210   5  3  2   6  4  3   2.49E-02  5. 80 1  100 000
  2535.78620   8  2  6   9  3  7   1.41E-02  3. 80 1  100 000
  2539.42730  12  6  6  12  7  5   7.05E-04 10. 80 1  100 000
  2539.46210   8  1  8   9  3  7   1.47E-03 10. 80 1  001 000
  2540.34310   5  5  1   4  4  0   7.10E-03  7. 80 1  020 000
  2540.45000   8  2  7   9  4  6   1.22E-03 10. 80 1  001 000
  2540.60000  10  1  9  11  2 10   1.10E-02  6. 80 1  100 000
  2540.79557   5  2  4   6  3  3   3.48E-02  6. 80 1  100 000
  2541.11330  11  0 11  12  1 12   6.53E-03  5. 80 1  100 000
  2541.15550  11  1 11  12  0 12   1.33E-02  3. 80 1  100 000
  2541.74100  10  2  9  11  1 10   3.00E-03 10. 80 1  100 000
  2542.61150  10  6  4  10  7  3   1.43E-03 10. 80 1  100 000
  2542.99700   7  2  5   8  3  6   1.10E-02  2. 80 1  100 000
  2543.43320   4  3  2   5  4  1   3.10E-02  3. 80 1  100 000
  2543.65740   8  4  4   7  3  5   1.44E-03 10. 80 1  020 000
  2543.87946   4  3  1   5  4  2   6.31E-02  3. 80 1  100 000
  2544.43200   9  6  3   9  7  2   8.42E-04 15. 80 1  100 000
  2544.50910   9  6  4   9  7  3   2.12E-03 10. 80 1  100 000
  2546.33560   8  6  2   8  7  1   2.32E-03  5. 80 1  100 000
  2546.35600   8  6  3   8  7  2   1.08E-03  5. 80 1  100 000
  2547.14510   7  3  4   8  5  3   1.53E-03 10. 80 1  001 000
  2548.28450   7  6  2   7  7  1   3.35E-03 10. 80 1  100 000
  2549.64341   6  2  4   7  3  5   3.07E-02  3. 80 1  100 000
  2551.01220   9  1  8  10  3  7   2.10E-03 10. 80 1  001 000
  2551.10960   9  1  8  10  2  9   8.66E-03 10. 80 1  100 000
  2552.26710  10  0 10  11  1 11   2.14E-02  3. 80 1  100 000
  2552.30000  10  1 10  11  0 11   1.07E-02  2. 80 1  100 000
  2552.82070   6  5  2   5  4  1   1.41E-03 10. 80 1  020 000
  2552.87510   6  5  1   5  4  2   3.12E-03 10. 80 1  020 000
  2553.38500   9  2  8  10  1  9   1.59E-02  5. 80 1  100 000
  2556.56572   3  3  1   4  4  0   8.16E-02  2. 80 1  100 000
  2556.62950   3  3  0   4  4  1   4.13E-02  2. 80 1  100 000
  2557.19770   5  2  3   6  3  4   2.09E-02  3. 80 1  100 000
  2557.34350   4  1  4   5  2  3   7.93E-03  4. 80 1  100 000
  2558.55032   4  2  3   5  3  2   2.49E-02  2. 80 1  100 000
  2560.29900  11  1 11  11  2 10   3.92E-03  5. 80 1  100 000
  2560.65600  11  0 11  11  1 10   1.88E-03  5. 80 1  100 000
  2561.87850  11  5  7  11  6  6   1.60E-03 10. 80 1  100 000
  2562.89540  10  5  6  10  6  5   2.56E-03  7. 80 1  100 000
  2562.98600  13  3 11  13  4 10   1.23E-03 10. 80 1  100 000
  2563.26220   9  0  9  10  1 10   1.84E-02  5. 80 1  100 000
  2563.33830   9  1  9  10  0 10   3.63E-02  3. 80 1  100 000
  2563.92680   9  5  5   9  6  4   5.57E-03  6. 80 1  100 000
  2563.99400   9  5  4   9  6  3   2.66E-03  6. 80 1  100 000
  2565.02800   8  5  3   8  6  2   5.85E-03  3. 80 1  100 000
  2565.04100   8  5  4   8  6  3   2.92E-03  3. 80 1  100 000
  2565.07460  12  1 11  12  2 10   2.09E-03 10. 80 1  100 000
  2565.38750   8  2  7   9  1  8   1.60E-02  3. 80 1  100 000
  2566.07290   4  2  2   5  3  3   5.68E-02  3. 80 1  100 000
  2566.23100   7  5  3   7  6  2   1.29E-02 10. 80 1  100 000
  2567.46000   6  5  1   6  6  0   7.53E-03  4. 80 1  100 000
  2569.69440   8  3  6   9  2  7   3.11E-03 10. 80 1  100 000
  2570.09446   7  1  6   8  2  7   1.65E-02  5. 80 1  100 000
  2571.69230  10  1 10  10  2  9   3.24E-03 10. 80 1  100 000
  2572.46790  10  0 10  10  1  9   6.86E-03  7. 80 1  100 000
  2572.48510  12  3 10  12  4  9   9.02E-04 10. 80 1  100 000
  2573.20600  11  2 10  11  3  9   4.28E-03  7. 80 1  100 000
  2573.84509   3  2  2   4  3  1   6.87E-02  3. 80 1  100 000
  2574.11140   8  0  8   9  1  9   4.63E-02  2. 80 1  100 000
  2574.28310   8  1  8   9  0  9   2.39E-02  3. 80 1  100 000
  2574.98000  13  8  5  14  8  6   8.72E-03 10. 80 1  001 000
  2576.44600   3  2  1   4  3  2   3.56E-02  2. 80 1  100 000
  2578.06110   7  2  6   8  1  7   2.92E-02  2. 80 1  100 000
  2578.13940  11  1 10  11  2  9   3.00E-03  8. 80 1  100 000
  2578.27220   6  1  5   7  2  6   4.31E-02  2. 80 1  100 000
  2578.44900  13  7  6  14  7  7   1.34E-03 10. 80 1  001 000
  2579.05700  14  5  9  15  5 10   1.37E-03 10. 80 1  001 000
  2579.84780  10  4  7  10  5  6   1.95E-03 10. 80 1  100 000
  2580.07580  15  3 12  16  3 13   2.48E-03 10. 80 1  001 000
  2580.13400  17  1 16  18  1 17   2.76E-03 10. 80 1  001 000
  2580.86890  11  3  9  11  4  8   3.48E-03 10. 80 1  100 000
  2580.93840   3  1  3   4  2  2   2.80E-02  3. 80 1  100 000
  2581.35100  18  1 18  19  1 19   2.93E-03 10. 80 1  001 000
  2582.10350   9  4  6   9  5  5   7.88E-03  3. 80 1  100 000
  2582.84513   9  1  9   9  2  8   1.05E-02  3. 80 1  100 000
  2583.56350  10  2  9  10  3  8   4.33E-03  4. 80 1  100 000
  2583.67950   8  4  5   8  5  4   5.57E-03  5. 80 1  100 000
  2584.21680   7  0  7   8  2  6   5.81E-03  7. 80 1  001 000
  2584.35630   9  0  9   9  1  8   4.81E-03 10. 80 1  100 000
  2584.78000   7  0  7   8  1  8   3.21E-02  3. 80 1  100 000
  2584.79200   7  4  4   7  5  3   1.28E-02  8. 80 1  100 000
  2585.16186   7  1  7   8  0  8   6.42E-02  4. 80 1  100 000
  2585.22350   7  4  3   7  5  2   6.21E-03  6. 80 1  100 000
  2585.38080   8  4  4   8  5  3   1.07E-02  5. 80 1  100 000
  2585.61120   6  4  3   6  5  2   6.46E-03  3. 80 1  100 000
  2585.65212   6  4  2   6  5  1   1.37E-02  4. 80 1  100 000
  2585.82029   5  1  4   6  2  5   2.63E-02  2. 80 1  100 000
  2586.35150   5  4  2   5  5  1   1.64E-02  6. 80 1  100 000
  2586.46990   9  4  5   9  5  4   3.57E-03 10. 80 1  100 000
  2587.58252   2  2  1   3  3  0   4.25E-02  3. 80 1  100 000
  2587.96200  10  3  8  10  4  7   4.00E-03 10. 80 1  100 000
  2588.10427   2  2  0   3  3  1   8.59E-02  3. 80 1  100 000
  2588.49660   7  3  5   8  2  6   3.37E-03 10. 80 1  100 000
  2589.39090  12  2 10  12  3  9   2.28E-03  4. 80 1  100 000
  2589.76350  14  5 10  15  5 11   2.73E-03 10. 80 1  001 000
  2591.01930   6  1  6   7  3  5   2.46E-03 10. 80 1  001 000
  2591.41420  14  3 11  15  3 12   2.27E-03 10. 80 1  001 000
  2591.44190  12  4  8  12  5  7   1.35E-03 10. 80 1  100 000
  2591.54720  16  2 15  17  2 16   4.85E-03 10. 80 1  001 000
  2591.62620  10  1  9  10  2  8   8.38E-03  5. 80 1  100 000
  2591.75920   6  2  5   7  1  6   1.55E-02  4. 80 1  100 000
  2591.80530   7  2  5   8  4  4   5.39E-03 10. 80 1  001 000
  2592.46390  12  7  5  13  6  8   2.87E-03  5. 80 1  100 000
  2592.61740   6  6  0   5  5  1   4.12E-03  4. 80 1  020 000
  2592.70190  17  0 17  18  0 18   4.80E-03 10. 80 1  001 000
  2593.08700   9  2  8   9  3  7   1.37E-02  4. 80 1  100 000
  2593.31560   4  1  3   5  2  4   5.88E-02  4. 80 1  100 000
  2593.64300   8  1  8   8  2  7   6.98E-03  5. 80 1  100 000
  2593.67100   9  3  7   9  4  6   1.18E-02  6. 80 1  100 000
  2594.45860  12  3  9  13  3 10   2.85E-05 10. 80 2  001 000
  2594.46650  13  4  9  14  4 10   9.89E-03  5. 80 1  001 000
  2594.84220  13  2 11  14  2 12   3.69E-05 10. 80 2  001 000
  2595.20277   6  0  6   7  1  7   7.98E-02  2. 80 1  100 000
  2596.03390   6  1  6   7  0  7   3.94E-02  2. 80 1  100 000
  2596.09030  15  0 15  16  0 16   4.79E-05 10. 80 2  001 000
  2596.46880   8  0  8   8  1  7   1.81E-02  5. 80 1  100 000
  2596.85300   5  2  4   6  4  3   1.38E-03 10. 80 1  001 000
  2596.96750  11  9  2  12  9  3   1.06E-03 10. 80 1  001 000
  2598.03740   8  3  6   8  4  5   8.11E-03  5. 80 1  100 000
  2598.85280  14  4 11  15  4 12   3.83E-03 10. 80 1  001 000
  2599.54400  13  6  7  14  6  8   2.09E-03 10. 80 1  001 000
  2601.14130  11  4  7  12  4  8   8.75E-05 10. 80 2  001 000
  2601.14500   6  2  4   7  4  3   4.07E-03 10. 80 1  001 000
  2601.34559   3  1  2   4  2  3   3.11E-02  3. 80 1  100 000
  2602.19970  14  3 12  15  3 13   8.29E-03  5. 80 1  001 000
  2602.54800  14  2 12  15  2 13   4.44E-03 10. 80 1  001 000
  2602.65190  13  3 10  14  3 11   1.17E-02  4. 80 1  001 000
  2602.84820   6  3  4   6  4  3   1.37E-02  3. 80 1  100 000
  2603.06400  11  8  3  12  8  4   4.10E-03  8. 80 1  001 000
  2603.16360  11  5  6  12  5  7   4.67E-05 10. 80 2  001 000
  2603.57080  10 10  1  11 10  2   1.40E-03 15. 80 1  001 000
  2603.91440   7  1  7   7  2  6   2.46E-02  3. 80 1  100 000
  2603.97690  16  1 16  17  1 17   1.09E-02  8. 80 1  001 000
  2604.28290   5  3  3   5  4  2   2.66E-02  3. 80 1  100 000
  2605.48700  10  6  5  11  6  6   4.49E-05 15. 80 2  001 000
  2605.57020   4  3  1   4  4  0   1.87E-02  3. 80 1  100 000
  2605.73226   5  3  2   5  4  1   1.31E-02  4. 80 1  100 000
  2605.88290  12  2 10  13  2 11   4.08E-05 15. 80 2  001 000
  2606.05390  11  3  8  12  3  9   1.03E-04  2. 80 2  001 000
  2606.22910  13  1 12  14  1 13   8.16E-05  8. 80 2  001 000
  2606.67790   5  2  4   6  1  5   3.08E-02  3. 80 1  100 000
  2606.76850   6  3  3   6  4  2   2.72E-02  3. 80 1  100 000
  2606.84920   7  1  6   8  3  5   9.20E-03  8. 80 1  001 000
  2606.86930   6  3  4   7  2  5   4.34E-03 10. 80 1  100 000
  2606.96220  11  7  5  12  6  6   5.20E-03  6. 80 1  100 000
  2607.01492   5  1  5   6  0  6   9.00E-02  2. 80 1  100 000
  2607.14330  14  1 14  15  1 15   9.38E-05  7. 80 2  001 000
  2607.42400  11  5  7  12  5  8   2.47E-05 10. 80 2  001 000
  2607.42600  11  7  4  12  6  7   2.60E-03 10. 80 1  100 000
  2607.52250  12  4  8  13  4  9   9.36E-03  5. 80 1  001 000
  2607.82450  13  4 10  14  4 11   4.84E-03 10. 80 1  001 000
  2608.41020  12  5  7  13  5  8   6.42E-03  5. 80 1  001 000
  2608.57470  12  3  9  12  4  8   2.05E-03 10. 80 1  100 000
  2608.68520   7  2  6   7  3  5   2.94E-02  3. 80 1  100 000
  2608.86700   7  3  4   7  4  3   1.22E-02  3. 80 1  100 000
  2608.87530   7  0  7   7  1  6   1.12E-02  4. 80 1  100 000
  2609.59760   5  2  3   6  4  2   5.56E-03  5. 80 1  001 000
  2610.29501   2  1  1   3  2  2   6.53E-02  3. 80 1  100 000
  2610.73500  10  9  2  11  9  3   2.21E-03 10. 80 1  001 000
  2611.11810  11  4  8  12  4  9   4.06E-05 10. 80 2  001 000
  2611.18940  10  6  5  11  5  6   1.47E-03 10. 80 1  100 000
  2611.60301   8  3  5   8  4  4   1.88E-02  4. 80 1  100 000
  2612.02830   4  2  3   5  4  2   3.14E-03 10. 80 1  001 000
  2612.33720  10  3  7  10  4  6   7.17E-03  3. 80 1  100 000
  2612.62900  13  3 11  14  3 12   7.80E-03 10. 80 1  001 000
  2613.43522   6  1  6   6  2  5   1.65E-02  3. 80 1  100 000
  2613.70700  12  6  6  13  6  7   2.24E-03 10. 80 1  001 000
  2613.76150  12  5  8  13  5  9   1.26E-02  5. 80 1  001 000
  2613.77380  13  2 11  14  2 12   1.63E-02  2. 80 1  001 000
  2613.83770   9  3  6   9  4  5   6.87E-03  5. 80 1  100 000
  2613.91470  12  3  9  13  3 10   1.18E-02  5. 80 1  001 000
  2614.00400  10  6  4  11  5  7   2.39E-03 10. 80 1  100 000
  2614.00900  11  3  8  11  4  7   3.58E-03 10. 80 1  100 000
  2614.41740   6  2  5   6  3  4   1.98E-02  4. 80 1  100 000
  2614.60650   5  1  5   6  3  4   2.04E-03 10. 80 1  001 000
  2614.83445   4  0  4   5  1  5   1.00E-01  3. 80 1  100 000
  2614.85600  12  6  7  13  6  8   4.28E-03 10. 80 1  001 000
  2614.94630  10  2  8  10  3  7   9.91E-03  4. 80 1  100 000
  2615.17350  15  0 15  16  0 16   2.73E-02  4. 80 1  001 000
  2615.23860  10  4  6  11  4  7   8.30E-05 10. 80 2  001 000
  2616.59350   6  0  6   7  2  5   1.59E-03 10. 80 1  001 000
  2616.77120  11  2  9  12  2 10   1.33E-04  8. 80 2  001 000
  2617.00160  10  8  3  11  8  4   6.47E-03  7. 80 1  001 000
  2617.22180  12  2 11  13  2 12   1.20E-04 10. 80 2  001 000
  2617.24800  12  1 11  13  1 12   5.87E-05  3. 80 2  001 000
  2617.46437   1  1  1   2  2  0   5.96E-02  4. 80 1  100 000
  2617.54400   9  7  2  10  7  3   4.98E-05 10. 80 2  001 000
  2617.56000  10  5  5  11  5  6   4.45E-05 10. 80 2  001 000
  2617.86180  11  3  8  12  3  8   9.81E-05 10. 80 2  001 000
  2618.09770  12  4  8  13  3 11   9.52E-03  8. 80 1  100 000
  2618.11610  13  0 13  14  0 14   1.78E-04  8. 80 2  001 000
  2618.29700   4  1  4   5  0  5   4.60E-02 10. 80 1  100 000
  2618.39640   4  2  2   5  4  1   3.50E-03 10. 80 1  001 000
  2618.71195   5  2  4   5  3  3   4.46E-02  3. 80 1  100 000
  2618.76098  12  4  9  13  4 10   2.02E-02  2. 80 1  001 000
  2619.67420  10  5  6  11  5  7   8.75E-05  2. 80 2  001 000
  2620.00620   9  6  3  10  6  4   5.75E-05 10. 80 2  001 000
  2620.03310  11  3  9  12  3 10   5.89E-05  4. 80 2  001 000
  2620.33460   1  1  0   2  2  1   3.42E-02  3. 80 1  100 000
  2621.18900  11  4  7  12  4  8   3.81E-02  5. 80 1  001 000
  2621.40490   6  0  6   6  1  5   3.74E-02  4. 80 1  100 000
  2621.67410   4  2  3   4  3  2   2.10E-02  2. 80 1  100 000
  2621.75500  10  7  4  11  7  5   1.35E-02 10. 80 1  001 000
  2621.95150   5  1  5   5  2  4   4.23E-02  2. 80 1  100 000
  2622.20270  10  6  4  11  6  5   5.33E-03  5. 80 1  001 000
  2622.37650  10  6  5  11  6  6   1.05E-02  4. 80 1  001 000
  2622.62269   4  2  3   5  1  4   1.23E-02  3. 80 1  100 000
  2622.89640  10  4  7  11  4  8   1.53E-04 10. 80 2  001 000
  2623.01391  11  5  6  12  5  7   2.39E-02  3. 80 1  001 000
  2623.51600   3  2  2   3  3  1   2.94E-02  2. 80 1  100 000
  2623.84190   3  0  3   4  1  4   4.83E-02  2. 80 1  100 000
  2623.88020   9  2  7   9  3  5   8.52E-03  5. 80 1  100 000
  2624.43760   9  9  0  10  9  1   2.40E-03  4. 80 1  001 000
  2624.87870  12  2 10  13  2 11   1.72E-02  3. 80 1  001 000
  2625.27730  13  2 12  14  2 13   1.52E-02  2. 80 1  001 000
  2625.30330  13  1 12  14  1 13   3.07E-02  2. 80 1  001 000
  2625.66950   3  2  1   3  3  0   1.48E-02  4. 80 1  100 000
  2625.86520   5  0  5   6  2  4   2.22E-05 10. 80 2  001 000
  2625.96380   3  2  2   4  4  1   1.18E-03 10. 80 1  001 000
  2626.09023   5  3  3   6  2  4   5.88E-03 10. 80 1  100 000
  2626.21160  11  5  7  12  5  8   1.26E-02  3. 80 1  001 000
  2626.29120  14  1 14  15  1 15   4.57E-02  3. 80 1  001 000
  2627.23050  11  6  5  12  6  6   8.30E-03  5. 80 1  001 000
  2627.32680   4  2  2   4  3  1   4.65E-02  3. 80 1  100 000
  2627.50610  10  2  8  11  2  9   1.25E-04  5. 80 2  001 000
  2627.59410   9  6  4  10  5  5   6.42E-03  8. 80 1  100 000
  2627.73080  11  6  6  12  6  7   3.97E-03  8. 80 1  001 000
  2628.12110   8  2  6   8  3  5   2.46E-02  3. 80 1  100 000
  2628.16670  11  1 10  12  1 11   2.20E-04  5. 80 2  001 000
  2628.32770   3  2  1   4  4  0   2.65E-03 10. 80 1  001 000
  2628.78250   9  6  3  10  5  6   3.39E-03  8. 80 1  100 000
  2629.00580  12  1 12  13  1 13   3.32E-04  4. 80 2  001 000
  2629.22440   4  1  4   4  2  3   2.42E-02  3. 80 1  100 000
  2629.57640   5  2  3   5  3  2   2.49E-02  2. 80 1  100 000
  2629.59760   7  1  6   7  2  5   2.00E-02  3. 80 1  100 000
  2629.73785   9  4  5  10  4  6   2.61E-04  5. 80 2  001 000
  2629.93260  12  3 10  13  3 11   2.33E-02  5. 80 1  001 000
  2630.12955   3  1  3   4  0  4   8.32E-02  3. 80 1  100 000
  2630.18880  10  3  8  11  3  9   2.28E-04  4. 80 2  001 000
  2630.35230  11  4  8  12  4  9   2.01E-02  3. 80 1  001 000
  2630.36500   9  3  6  10  3  7   3.67E-04  5. 80 2  001 000
  2630.86370   9  8  1  10  8  2   9.04E-03  5. 80 1  001 000
  2631.29210   9  5  4  10  5  5   1.37E-04 10. 80 2  001 000
  2631.39555   6  2  4   6  3  3   5.03E-02  3. 80 1  100 000
  2631.40920   8  7  2   9  7  3   4.59E-05 10. 80 2  001 000
  2631.54560   7  2  5   7  3  4   1.98E-02  2. 80 1  100 000
  2631.79740   8  1  8   8  3  5   5.63E-03  7. 80 1  001 000
  2632.26760   9  5  5  10  5  6   6.32E-05 10. 80 2  001 000
  2632.54626   2  0  2   3  1  3   8.66E-02  3. 80 1  100 000
  2633.43725   5  0  5   5  1  4   2.56E-02  3. 80 1  100 000
  2634.20280   8  3  6   8  5  3   1.41E-03 10. 80 1  001 000
  2634.58000   8  6  2   9  6  3   3.71E-05 10. 80 2  001 000
  2634.59540   8  6  3   9  6  4   7.63E-05  4. 80 2  001 000
  2635.01420   9  4  6  10  4  7   1.20E-04 10. 80 2  001 000
  2635.08190   3  1  3   3  2  2   4.91E-02  3. 80 1  100 000
  2635.38430  10  4  6  11  4  7   3.58E-02  2. 80 1  001 000
  2635.84490  11  2  9  12  2 10   6.53E-02  3. 80 1  001 000
  2635.97070   9  7  2  10  7  3   2.21E-02  4. 80 1  001 000
  2636.05910   4  1  4   5  3  3   5.54E-03 10. 80 1  001 000
  2636.13000  11  8  4  12  7  5   1.55E-03  8. 80 1  100 000
  2636.16390  11  8  3  12  7  6   8.13E-04 10. 80 1  100 000
  2636.30631  12  2 11  13  2 12   5.46E-02  3. 80 1  001 000
  2636.37794  12  1 11  13  1 12   2.82E-02  5. 80 1  001 000
  2636.52540  11  9  3  10 10  0   4.31E-03 10. 80 1  100 000
  2637.11254  10  5  5  11  5  6   2.19E-02  5. 80 1  001 000
  2637.23400   9  6  3  10  6  4   2.09E-02  6. 80 1  001 000
  2637.29200   9  6  4  10  6  5   1.11E-02  4. 80 1  001 000
  2637.32770  13  0 13  14  0 14   8.47E-02  4. 80 1  001 000
  2637.51760  10  3  7  11  3  8   4.71E-02  3. 80 1  001 000
  2638.18533   9  2  7  10  2  8   4.24E-04  5. 80 2  001 000
  2638.27330   6  1  5   6  2  4   6.31E-02  3. 80 1  100 000
  2638.78825  10  5  6  11  5  7   4.00E-02  5. 80 1  001 000
  2638.97390  10  1  9  11  1 10   1.83E-04  4. 80 2  001 000
  2639.03480   3  2  2   4  1  3   1.54E-02  7. 80 1  100 000
  2639.44460   2  1  2   2  2  1   1.68E-02  2. 80 1  100 000
  2639.81080  11  0 11  12  0 12   5.67E-04  4. 80 2  001 000
  2640.23450  10  7  4  11  6  5   6.47E-03 10. 80 1  100 000
  2640.42720  10  7  3  11  6  6   1.28E-02  3. 80 1  100 000
  2641.29130   9  3  7  10  3  8   1.92E-04  4. 80 2  001 000
  2641.53603   1  0  1   2  1  2   3.53E-02  3. 80 1  100 000
  2642.31230  10  4  7  11  4  8   7.17E-02  3. 80 1  001 000
  2642.67340   2  1  2   3  0  3   3.00E-02  3. 80 1  100 000
  2643.14300   8  6  3   9  5  4   3.37E-03 10. 80 1  100 000
  2643.58180   8  6  2   9  5  5   7.90E-03 10. 80 1  100 000
  2643.59308   8  3  5   9  3  6   3.10E-04  6. 80 2  001 000
  2643.92210   5  1  4   5  2  3   4.23E-02  3. 80 1  100 000
  2643.99044   4  0  4   4  1  3   6.90E-02  3. 80 1  100 000
  2644.23780   8  4  4   9  4  5   2.10E-04  3. 80 2  001 000
  2644.40660   8  5  3   9  5  4   1.05E-04  4. 80 2  001 000
  2644.56600   4  3  2   5  2  3   1.58E-03 10. 80 1  100 000
  2644.64010   8  8  1   9  8  2   8.91E-03 10. 80 1  001 000
  2644.79310   8  5  4   9  5  5   2.10E-04  4. 80 2  001 000
  2645.16250   7  7  0   8  7  1   6.52E-05 10. 80 2  001 000
  2645.33500   5  1  4   6  3  3   1.87E-02  4. 80 1  001 000
  2645.74430   5  0  5   6  2  4   1.08E-02  3. 80 1  001 000
  2646.18699   2  1  1   2  2  0   4.65E-02  2. 80 1  100 000
  2646.68677  10  2  8  11  2  9   5.86E-02  3. 80 1  001 000
  2646.72300   4  1  3   4  2  2   9.42E-02  7. 80 1  100 000
  2647.06820  11  2 10  12  2 11   5.18E-02  3. 80 1  001 000
  2647.20500   3  1  2   3  2  1   3.85E-02  3. 80 1  100 000
  2647.34975  11  1 10  12  1 11   1.02E-01  3. 80 1  001 000
  2647.38440   8  4  5   9  4  6   3.98E-04  2. 80 2  001 000
  2648.28000  12  1 12  13  1 13   1.70E-01  8. 80 1  001 000
  2649.04300  10  8  2  11  7  5   2.46E-03 10. 80 1  100 000
  2649.06100   7  6  1   8  6  2   1.72E-04  5. 80 2  001 000
  2649.08980   8  2  6   9  2  7   3.67E-04 10. 80 2  001 000
  2649.42945  10  3  8  11  3  9   1.08E-01  3. 80 1  001 000
  2649.56560   8  2  7   8  4  4   1.50E-03  9. 80 1  001 000
  2649.64750   9  1  8  10  1  9   5.81E-04  4. 80 2  001 000
  2649.86673   9  4  5  10  4  6   1.19E-01  3. 80 1  001 000
  2650.09320   8  7  2   9  7  3   2.94E-02  5. 80 1  001 000
  2650.24288   9  3  6  10  3  7   1.66E-01  3. 80 1  001 000
  2650.52625  10  1 10  11  1 11   9.34E-04  3. 80 2  001 000
  2650.61934   9  5  4  10  5  5   6.39E-02  3. 80 1  001 000
  2651.01570   9  2  8  10  2  9   2.90E-04  3. 80 2  001 000
  2652.19880   8  6  3   9  6  4   2.89E-02  5. 80 1  001 000
  2652.73980   8  3  6   9  3  7   6.24E-04  3. 80 2  001 000
  2652.80540   9  7  3  10  6  4   1.82E-02  3. 80 1  100 000
  2652.86920   9  7  2  10  6  5   9.09E-03  3. 80 1  100 000
  2654.54610   9  4  6  10  4  7   6.10E-02  4. 80 1  001 000
  2654.55890  10  3  7  11  2 10   6.52E-02  3. 80 1  100 000
  2655.27420   2  2  1   3  1  2   3.81E-03  4. 80 1  100 000
  2655.29900   3  1  3   4  3  2   2.47E-03  6. 80 1  001 000
  2655.72850   1  1  1   2  0  2   3.05E-02  5. 80 1  100 000
  2655.83080  13  0 13  13  2 12   1.94E-03 10. 80 1  001 000
  2655.92800  13  1 13  13  1 12   1.08E-03 10. 80 1  001 000
  2657.02700   7  5  2   8  5  3   2.77E-04  3. 80 2  001 000
  2657.15480   7  5  3   8  5  4   1.34E-04  3. 80 2  001 000
  2657.46660   7  3  4   8  3  5   8.42E-04  3. 80 2  001 000
  2657.52565   9  2  7  10  2  8   1.98E-01  4. 80 1  001 000
  2657.71290   2  0  2   2  1  1   9.33E-02  3. 80 1  100 000
  2657.84800   6  5  1   7  4  4   1.07E-03 10. 80 1  100 000
  2658.12175   7  6  2   8  5  3   9.56E-03 10. 80 1  100 000
  2658.20235  10  1  9  11  1 10   8.77E-02  3. 80 1  001 000
  2658.25840   7  6  1   8  5  4   4.87E-03  6. 80 1  100 000
  2658.34670   7  4  3   8  4  4   5.79E-04  5. 80 2  001 000
  2658.52280   4  1  3   5  3  2   8.37E-03  7. 80 1  001 000
  2659.14820  11  0 11  12  0 12   2.74E-01  4. 80 1  001 000
  2659.93110   7  4  4   8  4  5   2.75E-04  4. 80 2  001 000
  2660.16690   8  1  7   9  1  8   4.55E-04  4. 80 2  001 000
  2660.57108   7  2  5   8  2  6   1.09E-03  4. 80 2  001 000
  2660.73990   9  3  7  10  3  8   9.31E-02  4. 80 1  001 000
  2661.13830   9  1  9  10  1 10   4.59E-04  5. 80 2  001 000
  2661.15270   9  0  9  10  0 10   9.32E-04  4. 80 2  001 000
  2661.35460   8  2  7   9  2  8   8.83E-04  3. 80 2  001 000
  2661.55001  10  2  9  11  2 10   1.08E-01  3. 80 1  001 000
  2661.73190   9  8  2  10  7  3   3.32E-03 10. 80 1  100 000
  2663.61250   8  5  3   9  5  4   6.83E-02  4. 80 1  001 000
  2663.63230   8  3  5   9  3  6   1.33E-01  3. 80 1  001 000
  2663.91535   8  5  4   9  5  5   9.50E-02  2. 80 1  001 000
  2664.11520   7  7  0   8  7  1   2.76E-02  2. 80 1  001 000
  2664.25555   8  4  4   9  4  5   8.83E-02  3. 80 1  001 000
  2664.47220   7  3  5   8  3  6   4.47E-04  6. 80 2  001 000
  2664.97050   8  7  2   9  6  3   1.10E-02  3. 80 1  100 000
  2664.98852   8  7  1   9  6  4   2.31E-02  3. 80 1  100 000
  2665.97440   5  3  3   4  4  0   1.42E-03 10. 80 1  100 000
  2666.53080   6  2  5   6  4  2   3.30E-03 10. 80 1  001 000
  2666.99383   8  4  5   9  4  6   1.95E-01  4. 80 1  001 000
  2667.11470  12  0 12  12  2 11   1.78E-03  5. 80 1  001 000
  2667.20570   7  6  1   8  6  2   6.32E-02  3. 80 1  001 000
  2668.64249   8  2  6   9  2  7   1.66E-01  4. 80 1  001 000
  2668.91278   9  1  8  10  1  9   2.78E-01  3. 80 1  001 000
  2669.28460   6  5  2   7  5  3   3.14E-04  5. 80 2  001 000
  2669.50470   3  1  2   4  3  1   1.09E-02  3. 80 1  001 000
  2670.13472   9  2  8  10  2  9   1.36E-01  3. 80 1  001 000
  2670.54029   7  1  6   8  1  7   1.25E-03  3. 80 2  001 000
  2670.89720   4  2  3   3  3  0   1.88E-03 10. 80 1  100 000
  2670.97330   3  1  3   2  2  0   3.85E-03 10. 80 1  100 000
  2671.52120   8  1  8   9  1  9   1.33E-03  3. 80 2  001 000
  2671.58830   4  0  4   5  2  3   9.95E-03  4. 80 1  001 000
  2671.67250   8  0  8   9  0  9   6.81E-04  3. 80 2  001 000
  2671.77080   6  3  3   7  3  4   5.59E-04  3. 80 2  001 000
  2671.91013   6  4  2   7  4  3   3.38E-04  4. 80 2  001 000
  2672.13420   7  2  6   8  2  7   4.24E-04  3. 80 2  001 000
  2672.32340   8  3  6   9  3  7   3.10E-01  3. 80 1  001 000
  2672.42460   2  1  2   3  3  1   3.05E-03  5. 80 1  001 000
  2672.57006   6  4  3   7  4  4   6.24E-04  4. 80 2  001 000
  2672.71000   6  6  1   7  5  2   2.88E-03 10. 80 1  100 000
  2672.74460   6  6  0   7  5  3   4.70E-03 10. 80 1  100 000
  2672.77100   6  1  6   6  3  3   1.80E-03 10. 80 1  001 000
  2672.81345   6  2  4   7  2  5   7.36E-04  3. 80 2  001 000
  2674.15620   3  0  3   4  2  2   7.34E-05 10. 80 2  001 000
  2674.24780   8  8  0   9  7  3   2.14E-03 10. 80 1  100 000
  2675.08470   4  1  4   3  2  1   2.20E-03 10. 80 1  100 000
  2675.35900   5  1  5   4  2  2   2.87E-03 10. 80 1  100 000
  2676.21568   7  5  2   8  5  3   1.29E-01  5. 80 1  001 000
  2676.31650   7  5  3   8  5  4   6.53E-02  3. 80 1  001 000
  2676.47655   6  3  4   7  3  5   1.15E-03  2. 80 2  001 000
  2676.66660   7  7  1   8  6  2   3.06E-02  6. 80 1  100 000
  2676.99900   4  2  2   3  3  1   3.53E-03 10. 80 1  100 000
  2677.59850   7  3  4   8  3  5   4.28E-01  4. 80 1  001 000
  2678.22986   7  4  3   8  4  4   2.51E-01  3. 80 1  001 000
  2679.59020   7  4  4   8  4  5   1.24E-01  3. 80 1  001 000
  2679.84750  12  1 11  12  3 10   1.59E-03 10. 80 1  001 000
  2679.96580   5  2  4   4  3  1   4.42E-03  5. 80 1  100 000
  2680.34290   7  2  5   8  2  6   4.92E-01  4. 80 1  001 000
  2680.55718   9  1  9  10  1 10   2.25E-01  3. 80 1  001 000
  2680.60718   9  0  9  10  0 10   4.60E-01  3. 80 1  001 000
  2680.83526   8  2  7   9  2  8   4.28E-01  5. 80 1  001 000
  2680.87990   6  1  5   7  1  6   8.77E-04  5. 80 2  001 000
  2681.11460   5  5  0   6  5  1   3.61E-04  6. 80 2  001 000
  2681.89380   1  1  0   1  0  1   3.22E-02  2. 80 1  100 000
  2682.04028   7  0  7   8  0  8   1.77E-03  2. 80 2  001 000
  2682.44429   7  1  7   8  1  8   8.95E-04  2. 80 2  001 000
  2682.79880   6  6  1   7  6  2   7.92E-02  3. 80 1  001 000
  2683.08510   6  2  5   7  2  6   1.64E-03  3. 80 2  001 000
  2684.05780   5  2  3   5  4  2   4.02E-03  7. 80 1  001 000
  2684.16277   7  3  5   8  3  6   2.25E-01  4. 80 1  001 000
  2684.45090   2  1  1   2  0  2   7.92E-02  2. 80 1  100 000
  2684.58650   8  4  4   7  5  3   1.05E-03 10. 80 1  100 000
  2685.00147   5  4  1   6  4  2   6.91E-04  3. 80 2  001 000
  2685.22050   5  4  2   6  4  3   3.81E-04  4. 80 2  001 000
  2685.42270   9  2  8   8  3  5   8.84E-04 10. 80 1  100 000
  2685.79460   5  2  3   6  2  4   1.85E-03  4. 80 2  001 000
  2686.09833   5  3  2   6  3  3   1.30E-03  2. 80 2  001 000
  2686.79348   2  0  2   1  1  1   3.30E-02  2. 80 1  100 000
  2686.98600   5  1  5   5  3  2   1.83E-03 10. 80 1  001 000
  2688.01359   7  3  5   6  4  2   1.95E-03  8. 80 1  100 000
  2688.52880   6  5  1   7  5  2   7.54E-02  4. 80 1  001 000
  2688.55586   6  5  2   7  5  3   1.46E-01  4. 80 1  001 000
  2688.72630   5  3  3   6  3  4   6.57E-04  4. 80 2  001 000
  2688.82239   8  2  6   9  1  9   1.87E-01  3. 80 1  100 000
  2689.00890   3  1  2   3  0  3   3.64E-02  3. 80 1  100 000
  2689.31990  10  0 10  10  2  9   6.05E-03  5. 80 1  001 000
  2689.43550   9  1  8   9  3  7   5.40E-05 10. 80 2  001 000
  2689.90787   7  1  6   8  1  7   6.43E-01  5. 80 1  001 000
  2690.11850  10  1 10  10  1  9   1.18E-02  3. 80 1  001 000
  2690.43660   7  2  6   6  3  3   2.70E-03 10. 80 1  100 000
  2690.86280   8  0  8   8  2  7   3.73E-05 10. 80 2  001 000
  2691.16060   8  0  8   9  0  9   3.32E-01  4. 80 1  001 000
  2691.46408   5  1  4   6  1  5   2.14E-03  3. 80 2  001 000
  2691.60660   1  1  1   0  0  0   4.84E-02  2. 80 1  100 000
  2691.69857   6  4  2   7  4  3   1.58E-01  3. 80 1  001 000
  2691.74010   7  2  6   8  2  7   2.95E-01  3. 80 1  001 000
  2691.91439   6  3  3   7  3  4   2.67E-01  3. 80 1  001 000
  2691.99300   9  4  6  10  1  9   5.56E-03 10. 80 1  100 000
  2692.10628  10  2  9  10  2  8   3.36E-05 10. 80 2  001 000
  2692.26094   6  4  3   7  4  4   3.16E-01  3. 80 1  001 000
  2692.49856   8  1  8   9  1  9   4.39E-01  3. 80 1  001 000
  2692.74420   6  0  6   7  0  7   1.04E-03 10. 80 2  001 000
  2692.76240   6  2  4   7  2  5   3.74E-01  3. 80 1  001 000
  2693.22996   8  1  8   8  1  7   5.93E-05 10. 80 2  001 000
  2693.64880   5  2  3   5  1  4   3.06E-02  3. 80 1  100 000
  2694.12020   8  4  5   9  1  8   6.10E-03  6. 80 1  100 000
  2694.23385   5  2  4   6  2  5   9.81E-04  4. 80 2  001 000
  2695.37010   2  2  0   2  1  1   3.74E-02  5. 80 1  100 000
  2695.51600  11  2 10  11  2  9   3.84E-03 10. 80 1  001 000
  2695.91460   4  1  3   4  0  4   5.30E-02  3. 80 1  100 000
  2696.25256   6  3  4   7  3  5   5.24E-01  4. 80 1  001 000
  2696.46410   7  3  4   6  4  3   1.83E-03 10. 80 1  100 000
  2696.80330   8  1  7   8  3  6   3.83E-05 10. 80 2  001 000
  2697.27755   6  2  4   6  1  5   4.28E-02  3. 80 1  100 000
  2697.31280   4  1  4   4  3  1   3.76E-03 10. 80 1  001 000
  2697.60580  10  2  8  10  4  7   3.68E-03 10. 80 1  001 000
  2697.76480   4  4  0   5  4  1   2.73E-04  5. 80 2  001 000
  2697.81728   4  4  1   5  4  2   5.63E-04  3. 80 2  001 000
  2698.62720   9  2  7   9  4  6   9.03E-03  6. 80 1  001 000
  2699.08510   3  0  3   2  1  2   3.08E-02  5. 80 1  100 000
  2699.09974   7  4  4   8  1  7   2.30E-02  6. 80 1  100 000
  2699.39049   4  2  2   5  2  3   1.05E-03  4. 80 2  001 000
  2700.00940   4  3  1   5  3  2   6.69E-04  4. 80 2  001 000
  2700.02490  10  1  9  10  3  8   5.83E-03 10. 80 1  001 000
  2700.11380   9  0  9   9  2  8   2.09E-02  4. 80 1  001 000
  2700.14090   8  3  5   8  2  6   1.70E-02  5. 80 1  100 000
  2700.41270   6  1  5   7  1  6   4.39E-01  3. 80 1  001 000
  2700.48500   7  3  4   7  2  5   1.42E-02 10. 80 1  100 000
  2700.62468   5  5  0   6  5  1   1.95E-01  4. 80 1  001 000
  2700.86710   4  1  3   3  2  2   1.82E-02  5. 80 1  100 000
  2701.00390   2  1  2   1  0  1   3.16E-02  3. 80 1  100 000
  2701.16060   4  3  2   5  3  3   1.37E-03  4. 80 2  001 000
  2701.24658   7  0  7   8  0  8   8.56E-01  4. 80 1  001 000
  2701.44950   9  2  7  10  1 10   2.09E-03  5. 80 1  100 000
  2702.01668   7  1  7   8  1  8   4.60E-01  3. 80 1  001 000
  2702.44700   9  3  6   9  2  7   3.70E-03 10. 80 1  100 000
  2702.63500   6  3  4   7  0  7   6.45E-03  5. 80 1  100 000
  2702.66180   4  1  3   5  1  4   1.34E-03  3. 80 2  001 000
  2702.76315   5  0  5   6  0  6   2.79E-03  3. 80 2  001 000
  2702.79603   6  2  5   7  2  6   8.40E-01  5. 80 1  001 000
  2703.03530   6  3  3   6  2  4   3.05E-02  3. 80 1  100 000
  2703.10910   5  1  5   6  1  6   1.34E-03  3. 80 2  001 000
  2704.74772   5  4  1   6  4  2   3.40E-01  3. 80 1  001 000
  2704.87540   5  1  4   5  0  5   1.84E-02  4. 80 1  100 000
  2704.93343   5  4  2   6  4  3   1.70E-01  3. 80 1  001 000
  2705.52613   7  3  5   8  0  8   1.22E-01  6. 80 1  100 000
  2705.77340   7  1  7   7  1  6   6.12E-05 15. 80 2  001 000
  2705.86502   5  2  3   6  2  4   8.45E-01  3. 80 1  001 000
  2705.99300  10  4  6  10  3  7   3.05E-03 10. 80 1  100 000
  2706.17996   5  3  2   6  3  3   6.42E-01  3. 80 1  001 000
  2706.74400   1  0  1   2  2  0   2.75E-05 10. 80 2  001 000
  2706.86418   5  3  2   5  2  3   1.50E-02  4. 80 1  100 000
  2707.15810   6  4  3   7  1  6   1.14E-02  5. 80 1  100 000
  2708.56546   5  3  3   6  3  4   3.21E-01  3. 80 1  001 000
  2708.61630   9  1  8   9  3  7   1.97E-02  3. 80 1  001 000
  2709.23770   3  1  3   2  0  2   7.92E-02  3. 80 1  100 000
  2709.31200   6  2  4   5  3  3   9.11E-03  3. 80 1  100 000
  2710.24857   4  2  3   4  1  4   1.59E-02  3. 80 1  100 000
  2710.57106   4  0  4   3  1  3   8.13E-02  4. 80 1  100 000
  2710.77390   4  3  1   4  2  2   2.41E-02  5. 80 1  100 000
  2711.07950   2  0  2   3  2  1   1.33E-02  4. 80 1  001 000
  2711.21661   5  1  4   6  1  5   1.05E+00  8. 80 1  001 000
  2712.35984   6  0  6   7  0  7   5.80E-01  6. 80 1  001 000
  2712.45137   6  1  6   7  1  7   1.08E+00  5. 80 1  001 000
  2712.57630  10  2  9  10  2  8   2.20E-02  3. 80 1  001 000
  2713.32750   3  3  0   4  3  1   9.28E-04  2. 80 2  001 000
  2713.37758   3  2  1   4  2  2   2.00E-03  2. 80 2  001 000
  2713.48368   4  1  4   5  1  5   3.12E-03  4. 80 2  001 000
  2713.69020   3  3  1   4  3  2   4.63E-04  3. 80 2  001 000
  2713.75290   3  3  0   3  2  1   7.81E-03 10. 80 1  100 000
  2714.04150   5  2  4   6  2  5   4.87E-01  4. 80 1  001 000
  2714.63906   3  1  2   4  1  3   2.73E-03  2. 80 2  001 000
  2715.01600   6  1  5   6  0  6   2.33E-02  5. 80 1  100 000
  2715.61140   8  1  7   8  3  6   1.28E-02  2. 80 1  001 000
  2715.80320   5  1  4   4  2  3   1.27E-02 10. 80 1  100 000
  2715.83500   8  4  4   8  3  5   5.90E-03 10. 80 1  100 000
  2715.99950   5  2  4   5  1  5   2.51E-02  5. 80 1  100 000
  2716.44580   4  3  2   4  2  3   1.06E-02  5. 80 1  100 000
  2716.88770   4  1  4   3  0  3   4.24E-02  5. 80 1  100 000
  2717.26396   3  2  2   4  2  3   1.05E-03  4. 80 2  001 000
  2717.50680   4  4  0   5  4  1   1.31E-01  3. 80 1  001 000
  2717.55131   4  4  1   5  4  2   2.59E-01  3. 80 1  001 000
  2717.76980   5  3  3   5  2  4   2.03E-02  3. 80 1  100 000
  2718.02810   5  0  5   5  2  4   1.98E-04  8. 80 2  001 000
  2718.12162   6  1  6   6  1  5   1.74E-04  4. 80 2  001 000
  2718.32840   5  4  2   6  1  5   8.24E-03  7. 80 1  100 000
  2719.17550   3  1  2   3  3  1   5.14E-03 10. 80 1  001 000
  2719.52848   4  2  2   5  2  3   5.35E-01  6. 80 1  001 000
  2720.00760   4  3  1   5  3  2   3.32E-01 10. 80 1  001 000
  2720.03800   6  3  4   6  2  5   5.50E-03 10. 80 1  100 000
  2721.04290   4  3  2   5  3  3   6.22E-01  5. 80 1  001 000
  2721.06240   5  0  5   4  1  4   4.44E-02  4. 80 1  100 000
  2721.32800   7  4  3   7  3  4   4.39E-03 10. 80 1  100 000
  2721.56105   2  2  1   1  1  0   2.54E-02  2. 80 1  100 000
  2721.64662   4  1  3   4  3  2   7.81E-03  5. 80 1  001 000
  2722.48756   5  0  5   6  0  6   1.34E+00  5. 80 1  001 000
  2722.59530   4  1  3   5  1  4   6.42E-01  5. 80 1  001 000
  2722.70100   6  2  5   6  1  6   8.85E-03 10. 80 1  100 000
  2722.89078   5  1  5   6  1  6   8.00E-01  6. 80 1  001 000
  2723.07050   6  1  5   6  3  4   1.70E-02 10. 80 1  001 000
  2723.25120   5  1  4   5  3  3   2.57E-02  3. 80 1  001 000
  2723.92768   3  1  3   4  1  4   1.56E-03 10. 80 2  001 000
  2724.45150   2  2  0   1  1  1   4.60E-02  4. 80 1  100 000
  2724.55020   5  1  5   4  0  4   9.01E-02  3. 80 1  100 000
  2725.36480   7  1  6   7  0  7   6.42E-03  8. 80 1  100 000
  2725.51487   4  2  3   5  2  4   1.07E+00 10. 80 1  001 000
  2725.61700   1  0  1   2  2  0   1.23E-02  4. 80 1  001 000
  2725.80520   6  4  2   6  3  3   7.92E-03  3. 80 1  100 000
  2726.11180   7  1  7   7  1  6   2.75E-02  5. 80 1  001 000
  2726.21640   7  2  5   6  3  4   3.88E-03  7. 80 1  100 000
  2726.81640  11  3  9  11  3  8   4.81E-03 10. 80 1  001 000
  2727.27352   2  1  1   3  1  2   1.25E-03  3. 80 2  001 000
  2727.32108   2  2  0   3  2  1   7.03E-04  3. 80 2  001 000
  2728.46080   3  0  3   3  2  2   1.23E-04  4. 80 2  001 000
  2728.88350   5  4  1   5  3  2   3.95E-03  8. 80 1  100 000
  2729.14207   2  2  1   3  2  2   1.42E-03  5. 80 2  001 000
  2729.72400   7  4  4   7  3  5   1.57E-02 10. 80 1  100 000
  2729.76110   6  0  6   6  2  5   3.62E-02  2. 80 1  001 000
  2729.81580   6  4  3   6  3  4   9.22E-03  7. 80 1  100 000
  2729.95280   6  1  5   5  2  4   3.00E-02  5. 80 1  100 000
  2730.04800   7  2  6   7  2  5   9.34E-05 10. 80 2  001 000
  2730.11720   7  2  6   7  1  7   1.25E-02  3. 80 1  100 000
  2730.26590   8  4  5   8  3  6   5.70E-03  3. 80 1  100 000
  2730.36280   5  4  2   5  3  3   1.01E-02  5. 80 1  100 000
  2730.48400   5  1  5   5  1  4   1.15E-04 10. 80 2  001 000
  2730.72660   6  0  6   5  1  5   8.54E-02  3. 80 1  100 000
  2730.78240   3  2  2   2  1  1   5.08E-02  4. 80 1  100 000
  2731.69650   9  4  6   9  3  7   7.47E-03  4. 80 1  100 000
  2732.17670   9  3  7   9  3  6   4.02E-05 10. 80 2  001 000
  2732.49038   6  1  6   5  0  5   4.22E-02  2. 80 1  100 000
  2732.54136   4  0  4   5  0  5   7.17E-01  5. 80 1  001 000
  2732.84660  10  2  8  10  1  9   4.81E-03 10. 80 1  100 000
  2732.86796   2  0  2   3  0  3   1.47E-03  4. 80 2  001 000
  2732.95320   8  8  1   8  8  0   1.84E-04  7. 80 2  001 000
  2733.27550   3  3  0   4  3  1   4.71E-01  3. 80 1  001 000
  2733.34680   4  1  4   5  1  5   1.39E+00  5. 80 1  001 000
  2733.53040   3  2  1   4  2  2   8.99E-01  4. 80 1  001 000
  2733.59975   3  3  1   4  3  2   2.35E-01  3. 80 1  001 000
  2734.05670   9  3  7   9  2  8   7.23E-03 10. 80 1  100 000
  2734.18250  10  4  7  10  3  8   2.21E-03 10. 80 1  100 000
  2734.50082   2  1  2   3  1  3   2.55E-03  2. 80 2  001 000
  2734.69427   3  1  2   4  1  3   1.40E+00 10. 80 1  001 000
  2735.31310   8  1  7   8  0  8   8.56E-03  7. 80 1  100 000
  2737.22780   3  2  2   4  2  3   5.03E-01  4. 80 1  001 000
  2737.42418   5  0  5   5  2  4   8.82E-02  3. 80 1  001 000
  2737.75470  11  4  8  11  3  9   2.74E-03 10. 80 1  100 000
  2737.99870   8  2  7   8  1  8   3.21E-03 10. 80 1  100 000
  2738.10330   8  2  7   8  2  6   5.06E-02  3. 80 1  001 000
  2738.58890   4  2  3   3  1  2   2.26E-02  3. 80 1  100 000
  2738.65340   6  1  6   6  1  5   7.97E-02  4. 80 1  001 000
  2739.16100   8  5  3   8  4  4   2.12E-03 10. 80 1  100 000
  2739.31420  10  7  4  10  7  3   7.12E-05 10. 80 2  001 000
  2739.81620   7  0  7   6  1  6   3.55E-02  2. 80 1  100 000
  2740.08220  10 10  1  10 10  0   8.80E-03  3. 80 1  001 000
  2740.26290   3  2  1   2  1  2   1.67E-02 10. 80 1  100 000
  2740.34168   1  1  0   2  1  1   1.66E-03  3. 80 2  001 000
  2740.44200  10  3  8  10  2  9   2.02E-03 10. 80 1  100 000
  2740.65864   7  1  7   6  0  6   7.24E-02  3. 80 1  100 000
  2740.93040   9  7  2   9  7  3   1.65E-04  3. 80 2  001 000
  2741.02050  10  3  8  10  3  7   1.96E-02  4. 80 1  001 000
  2741.46790  10  6  5  10  6  4   3.69E-05 10. 80 2  001 000
  2741.81600   6  2  5   6  2  4   2.34E-04  8. 80 2  001 000
  2741.84630  13  9  4  13  9  5   1.10E-03 10. 80 1  001 000
  2741.98840   4  1  4   4  1  3   3.53E-04  5. 80 2  001 000
  2742.44357   8  7  2   8  7  1   3.06E-04 10. 80 2  001 000
  2742.56540   3  0  3   4  0  4   1.54E+00  4. 80 1  001 000
  2743.33220   8  3  6   8  3  5   1.78E-04  5. 80 2  001 000
  2743.46888   4  0  4   4  2  3   4.07E-02  3. 80 1  001 000
  2743.65000   9  6  4   9  6  3   5.24E-05 10. 80 2  001 000
  2743.70280   9  6  3   9  6  4   9.16E-05  5. 80 2  001 000
  2743.76044   1  0  1   2  0  2   2.28E-03  2. 80 2  001 000
  2743.84870   7  7  0   7  7  1   5.89E-04  4. 80 2  001 000
  2743.87270   3  1  3   4  1  4   7.49E-01 10. 80 1  001 000
  2744.70180   9  1  8   9  0  9   2.25E-03 10. 80 1  100 000
  2745.15549   5  2  4   4  1  3   4.49E-02  3. 80 1  100 000
  2745.23500   1  1  1   2  1  2   8.77E-04  3. 80 2  001 000
  2745.30030  11  9  2  11  9  3   6.86E-03  4. 80 1  001 000
  2745.72280   8  6  3   8  6  2   2.28E-04  4. 80 2  001 000
  2745.74060   8  6  2   8  6  3   1.20E-04  4. 80 2  001 000
  2746.12400   9  2  8   9  1  9   4.07E-03 10. 80 1  100 000
  2746.35860  12  4  9  12  4  8   5.56E-03 10. 80 1  001 000
  2746.88070  10  9  2  10  9  1   1.52E-02  4. 80 1  001 000
  2747.44360   2  2  0   3  2  1   3.32E-01  6. 80 1  001 000
  2747.51811   3  0  3   3  2  2   5.67E-02  2. 80 1  001 000
  2747.75460   7  6  1   7  6  2   5.89E-04  7. 80 2  001 000
  2748.35538   9  9  0   9  9  1   3.12E-02  4. 80 1  001 000
  2748.52510   8  0  8   7  1  7   5.64E-02  2. 80 1  100 000
  2748.91320   8  1  8   7  0  7   2.76E-02  2. 80 1  100 000
  2749.16045   2  2  1   3  2  2   7.52E-01  3. 80 1  001 000
  2749.45500  12  8  5  12  8  4   6.01E-03 10. 80 1  001 000
  2749.65438   2  0  2   2  2  1   1.10E-02  2. 80 1  001 000
  2750.86877   6  2  5   5  1  4   1.98E-02  3. 80 1  100 000
  2751.05840   5  1  5   5  1  4   5.68E-02  2. 80 1  001 000
  2751.24430   6  6  1   6  6  0   3.67E-04  4. 80 2  001 000
  2751.80479   3  3  1   2  2  0   5.56E-02  3. 80 1  100 000
  2751.85210   7  3  5   7  3  4   1.65E-04  5. 80 2  001 000
  2751.90340   9  4  6   9  4  5   5.44E-05 10. 80 2  001 000
  2752.45900   9  6  3   9  5  4   1.41E-03 10. 80 1  100 000
  2752.88305   2  0  2   3  0  3   6.48E-01 10. 80 1  001 000
  2752.94250  10  8  3  10  8  2   2.62E-02  6. 80 1  001 000
  2753.60550  10  1  9  10  0 10   2.35E-03  8. 80 1  100 000
  2753.93330   9  3  7   9  3  6   1.97E-02  4. 80 1  001 000
  2754.06557   8  1  7   7  2  6   2.41E-02  6. 80 1  100 000
  2754.32800  10  2  9  10  1 10   1.74E-03 10. 80 1  100 000
  2754.47400  10  5  6  10  5  5   6.69E-05 10. 80 2  001 000
  2754.52370   2  1  2   3  1  3   1.28E+00  3. 80 1  001 000
  2755.03385   5  5  0   5  5  1   2.43E-03  2. 80 2  001 000
  2755.05520   8  6  2   8  5  3   4.67E-03 10. 80 1  100 000
  2755.41738   0  0  0   1  0  1   6.52E-04  3. 80 2  001 000
  2755.66860   6  5  2   6  5  1   1.02E-03  5. 80 2  001 000
  2755.68460   6  5  1   6  5  2   4.34E-04  4. 80 2  001 000
  2755.74590  11  7  5  11  7  4   4.49E-03  5. 80 1  001 000
  2755.77040  11  7  4  11  7  5   8.56E-03  5. 80 1  001 000
  2755.88130   8  4  5   8  4  4   2.67E-04  3. 80 2  001 000
  2755.90500  11  7  4  11  6  5   2.61E-03  5. 80 1  100 000
  2756.01470   8  8  1   8  8  0   9.42E-02  5. 80 1  001 000
  2756.02870   7  5  3   7  5  2   2.43E-04 10. 80 2  001 000
  2756.07770   8  5  4   8  5  3   2.61E-04  4. 80 2  001 000
  2756.11660   7  5  2   7  5  3   5.12E-04  4. 80 2  001 000
  2756.43130   8  5  3   8  5  4   1.45E-04  6. 80 2  001 000
  2756.80350   9  5  4   9  5  5   1.52E-04  4. 80 2  001 000
  2756.96860   9  0  9   8  1  8   2.07E-02  5. 80 1  100 000
  2757.14350   9  1  9   8  0  8   4.12E-02  3. 80 1  100 000
  2757.28900   7  6  1   7  5  2   4.49E-03  5. 80 1  100 000
  2757.32680   7  6  2   7  5  3   8.72E-03  3. 80 1  100 000
  2757.54888   6  3  4   6  3  3   6.57E-04  3. 80 2  001 000
  2757.70910  10  7  4  10  7  3   2.94E-02  5. 80 1  001 000
  2757.81020  11  4  8  11  4  7   6.42E-03 10. 80 1  001 000
  2757.94700   7  4  4   7  4  3   2.53E-04  3. 80 2  001 000
  2758.45836   4  2  3   4  2  2   9.69E-04  3. 80 2  001 000
  2758.55640  10  6  5  10  6  4   1.29E-02  6. 80 1  001 000
  2758.68980  10  6  4  10  6  5   9.47E-03  5. 80 1  001 000
  2758.87524   6  4  3   6  4  2   9.24E-04  2. 80 2  001 000
  2759.09730   4  2  2   3  1  3   2.04E-02  3. 80 1  100 000
  2759.24701   5  4  2   5  4  1   5.85E-04  3. 80 2  001 000
  2759.27800   6  6  0   6  5  1   2.35E-02 10. 80 1  100 000
  2759.51300   6  4  2   6  4  3   4.79E-04  5. 80 2  001 000
  2759.57080   9  7  2   9  7  3   6.31E-02  5. 80 1  001 000
  2760.11760   7  4  3   7  4  4   4.98E-04  3. 80 2  001 000
  2760.50312   1  1  0   2  1  1   7.60E-01  3. 80 1  001 000
  2760.75626   5  3  3   5  3  2   5.63E-04  3. 80 2  001 000
  2761.04980   9  6  4   9  6  3   1.52E-02  3. 80 1  001 000
  2761.08680   9  6  3   9  6  4   2.91E-02  3. 80 1  001 000
  2761.33540   8  7  2   8  7  1   1.29E-01  3. 80 1  001 000
  2761.75950   8  4  4   8  4  5   1.22E-04 10. 80 2  001 000
  2762.09450   8  2  7   7  1  6   1.31E-02  4. 80 1  100 000
  2762.23910   4  3  2   4  3  1   1.90E-03  3. 80 2  001 000
  2762.30500   4  3  2   3  2  1   2.35E-02  4. 80 1  100 000
  2762.50249   4  1  4   4  1  3   1.89E-01  3. 80 1  001 000
  2762.79750   6  2  5   6  2  4   1.60E-01  4. 80 1  001 000
  2762.94778   3  3  0   3  3  1   3.14E-03  4. 80 2  001 000
  2762.99798   7  7  0   7  7  1   2.58E-01  4. 80 1  001 000
  2763.17220   4  3  1   4  3  2   1.00E-03  3. 80 2  001 000
  2763.50870   8  6  3   8  6  2   1.12E-01  5. 80 1  001 000
  2763.88049   1  0  1   2  0  2   1.03E+00  5. 80 1  001 000
  2764.06130   9  1  8   8  2  7   9.52E-03  5. 80 1  100 000
  2764.25790   5  3  2   5  3  3   1.11E-03  2. 80 2  001 000
  2764.47871   1  1  1   1  1  0   8.97E-04  2. 80 2  001 000
  2764.65830   8  3  6   8  3  5   8.10E-02  3. 80 1  001 000
  2764.89760   2  2  1   2  2  0   2.90E-03  4. 80 2  001 000
  2764.91700   4  3  1   3  2  2   4.76E-02  6. 80 1  100 000
  2765.20770  10  0 10   9  1  9   3.00E-02  3. 80 1  100 000
  2765.28550  10  1 10   9  0  9   1.50E-02  6. 80 1  100 000
  2765.32415   1  1  1   2  1  2   3.96E-01  6. 80 1  001 000
  2765.92618   2  2  0   2  2  1   1.56E-03  3. 80 2  001 000
  2766.07340   7  6  1   7  6  2   2.21E-01  5. 80 1  001 000
  2766.59924  10  4  7  10  4  6   2.89E-02  3. 80 1  001 000
  2766.99622   6  3  3   6  3  4   3.26E-04  4. 80 2  001 000
  2767.68346   3  2  1   3  2  2   1.71E-03  4. 80 2  001 000
  2768.12680  12  5  8  12  5  7   6.53E-03 10. 80 1  001 000
  2768.48160   9  2  8   8  1  7   2.09E-02  5. 80 1  100 000
  2769.24199   6  6  1   6  6  0   4.71E-01  8. 80 1  001 000
  2769.42313   1  1  0   1  1  1   1.82E-03  3. 80 2  001 000
  2771.17734   5  3  3   4  2  2   3.74E-02  3. 80 1  100 000
  2771.60070   4  2  2   4  2  3   5.24E-04 10. 80 2  001 000
  2771.98060  11  5  7  11  5  6   7.45E-03 10. 80 1  001 000
  2772.05290   7  3  4   7  3  5   3.20E-04  4. 80 2  001 000
  2772.14370   5  2  4   5  2  3   1.23E-01 10. 80 1  001 000
  2772.21370   3  1  3   3  1  2   1.44E-01  3. 80 1  001 000
  2772.57210   9  4  6   9  4  5   3.32E-02 10. 80 1  001 000
  2772.71117   7  3  5   7  3  4   8.20E-02  5. 80 1  001 000
  2773.11242  10  1  9   9  2  8   1.28E-02  3. 80 1  100 000
  2773.24330  11  0 11  10  1 10   9.09E-03  6. 80 1  100 000
  2773.30457  11  1 11  10  0 10   1.82E-02  3. 80 1  100 000
  2774.08144  10  5  6  10  5  5   3.39E-02  2. 80 1  001 000
  2774.20690   2  1  1   2  1  2   4.55E-04  3. 80 2  001 000
  2774.68085   5  5  0   5  5  1   9.23E-01  3. 80 1  001 000
  2775.06130   9  5  5   9  5  4   3.32E-02  5. 80 1  001 000
  2775.08700   6  5  2   6  5  1   4.11E-01  5. 80 1  001 000
  2775.09900   6  5  1   6  5  2   2.05E-01  5. 80 1  001 000
  2775.34666   7  5  3   7  5  2   1.26E-01  4. 80 1  001 000
  2775.38820   8  5  4   8  5  3   1.42E-01  4. 80 1  001 000
  2775.42110   7  5  2   7  5  3   2.50E-01  4. 80 1  001 000
  2775.53390   7  7  1   7  6  2   1.16E-01  3. 80 1  100 000
  2775.60122   0  0  0   1  0  1   3.10E-01  4. 80 1  001 000
  2775.68663   8  5  3   8  5  4   6.69E-02  3. 80 1  001 000
  2776.02186   9  5  4   9  5  5   6.77E-02  2. 80 1  001 000
  2776.10918   8  4  5   8  4  4   1.25E-01  3. 80 1  001 000
  2776.21010  11  6  6  11  6  5   8.02E-03 10. 80 1  001 000
  2776.29780   8  7  1   8  6  2   9.42E-02  4. 80 1  100 000
  2776.37000  12  6  6  12  6  7   2.67E-03 10. 80 1  001 000
  2776.58150  11  6  5  11  6  6   9.37E-03  4. 80 1  001 000
  2776.60630  10  7  3  10  6  4   1.92E-02  3. 80 1  100 000
  2776.62780   9  7  2   9  6  3   1.73E-02  5. 80 1  100 000
  2776.65770   9  7  3   9  6  4   3.56E-02  4. 80 1  100 000
  2776.69810  10  5  5  10  5  6   1.72E-02  3. 80 1  001 000
  2776.72230  10  7  4  10  6  5   9.09E-03  6. 80 1  100 000
  2777.92804   7  4  4   7  4  3   1.19E-01  2. 80 1  001 000
  2777.95900   5  2  3   5  2  4   5.38E-04  3. 80 2  001 000
  2778.00458   6  3  4   6  3  3   3.05E-01  3. 80 1  001 000
  2778.18810  11  5  6  11  5  7   1.66E-02  3. 80 1  001 000
  2778.92242   4  2  3   4  2  2   4.71E-01  3. 80 1  001 000
  2779.09312   5  4  2   5  4  1   3.58E-01  3. 80 1  001 000
  2779.20760   5  4  1   5  4  2   7.06E-01  3. 80 1  001 000
  2779.24200   4  4  1   4  4  0   1.18E+00  4. 80 1  001 000
  2779.25500   4  4  0   4  4  1   5.88E-01  4. 80 1  001 000
  2779.29542   6  4  2   6  4  3   2.12E-01  3. 80 1  001 000
  2779.50290   1  0  1   0  0  0   1.34E-03  3. 80 2  001 000
  2779.61040   8  3  5   8  3  6   5.91E-05 10. 80 2  001 000
  2779.68984   2  1  2   2  1  1   4.18E-01  3. 80 1  001 000
  2779.79505   7  4  3   7  4  4   2.38E-01  4. 80 1  001 000
  2779.85900   7  2  5   6  4  2   2.27E-03 10. 80 1  001 000
  2780.37335   4  4  1   3  3  0   2.14E-02  4. 80 1  100 000
  2780.43122   4  4  0   3  3  1   4.35E-02  3. 80 1  100 000
  2780.48240   4  2  2   5  0  5   1.97E-03 10. 80 1  001 000
  2780.94403   5  3  3   5  3  2   2.78E-01  4. 80 1  001 000
  2781.15120  12  5  7  12  5  8   2.80E-03 10. 80 1  001 000
  2781.20750   8  4  4   8  4  5   6.21E-02  5. 80 1  001 000
  2781.27270   3  1  2   3  1  3   5.40E-04  3. 80 2  001 000
  2781.53750  11  1 10  10  2  9   4.73E-03 10. 80 1  100 000
  2782.29679   4  3  2   4  3  1   9.84E-01  5. 80 1  001 000
  2782.60900   5  2  3   6  0  6   1.50E-03 10. 80 1  001 000
  2782.82311   3  3  1   3  3  0   7.14E-01  3. 80 1  001 000
  2782.94677   3  3  0   3  3  1   1.47E+00  3. 80 1  001 000
  2783.08716   3  2  2   3  2  1   4.07E-01  4. 80 1  001 000
  2783.13225   4  3  1   4  3  2   4.55E-01  2. 80 1  001 000
  2783.41020   3  0  3   2  2  0   7.01E-03  5. 80 1  001 000
  2784.09618   5  3  2   5  3  3   5.63E-01  3. 80 1  001 000
  2784.21542   9  4  5   9  4  6   6.10E-02  3. 80 1  001 000
  2784.27980   7  3  5   6  2  4   1.28E-02  4. 80 1  100 000
  2784.46400  11  8  4  11  7  5   4.92E-03 10. 80 1  100 000
  2784.59400  11  2  9  10  3  8   1.55E-03 10. 80 1  100 000
  2784.70916   1  1  1   1  1  0   4.25E-01  5. 80 1  001 000
  2784.99600  10  8  2  10  7  3   7.92E-03 10. 80 1  100 000
  2785.05256   2  2  1   2  2  0   1.42E+00 10. 80 1  001 000
  2785.49000   8  8  0   8  7  1   1.09E-02  5. 80 1  100 000
  2786.01878   2  2  0   2  2  1   7.22E-01  4. 80 1  001 000
  2786.24730  13  5  8  13  5  9   2.78E-03 10. 80 1  001 000
  2786.58569   6  3  3   6  3  4   1.60E-01  5. 80 1  001 000
  2787.67408   3  2  1   3  2  2   8.13E-01  5. 80 1  001 000
  2787.86350   6  0  6   5  2  3   1.23E-03 10. 80 1  001 000
  2787.99370   8  3  6   7  2  5   5.84E-03 10. 80 1  100 000
  2788.46730   2  1  2   1  1  1   1.72E-03  4. 80 2  001 000
  2789.24670   2  2  0   3  0  3   1.33E-03 10. 80 1  001 000
  2789.32820   4  0  4   3  2  1   5.77E-03 10. 80 1  001 000
  2789.37200   9  3  6   9  3  7   7.22E-05 10. 80 2  001 000
  2789.44560  10  4  6  10  4  7   1.42E-02  5. 80 1  001 000
  2789.52830  12  1 11  11  2 10   4.67E-03 10. 80 1  100 000
  2790.11100  12  2 11  11  1 10   2.27E-03 10. 80 1  100 000
  2790.30890   4  1  3   4  1  4   1.78E-04  6. 80 2  001 000
  2790.83280   5  0  5   4  2  2   8.49E-03  5. 80 1  001 000
  2790.88786   2  0  2   1  0  1   1.18E-03  2. 80 2  001 000
  2791.28122   7  3  4   7  3  5   1.55E-01  2. 80 1  001 000
  2791.32510   9  3  7   8  2  6   8.75E-03  7. 80 1  100 000
  2791.40948   4  2  2   4  2  3   2.49E-01  4. 80 1  001 000
  2791.61662   5  4  2   4  3  1   3.68E-02  3. 80 1  100 000
  2792.00750   5  4  1   4  3  2   1.89E-02  3. 80 1  100 000
  2793.45063   2  1  1   1  1  0   8.54E-04  4. 80 2  001 000
  2794.30075   2  1  1   2  1  2   2.25E-01  5. 80 1  001 000
  2794.54360  11  9  3  11  8  4   1.35E-03 10. 80 1  100 000
  2794.59670  10  3  8   9  2  7   2.78E-03 10. 80 1  100 000
  2794.71510   6  3  3   5  2  4   2.46E-02  5. 80 1  100 000
  2794.96270  12  2 10  11  3  9   2.12E-03 10. 80 1  100 000 
  2795.14450  10  9  1  10  8  2   2.13E-03 10. 80 1  100 000
  2795.32340   8  2  6   7  4  3   1.49E-03  4. 80 1  001 000
  2795.44880   6  1  5   5  3  2   1.01E-02  5. 80 1  001 000
  2795.58970   9  9  1   9  8  2   1.98E-03 10. 80 1  100 000
  2796.50400  14  0 14  13  1 13   5.08E-03  7. 80 1  100 000
  2796.92320   7  2  5   7  2  6   1.64E-04  3. 80 2  001 000
  2797.15136  11  4  7  11  4  8   1.08E-02  5. 80 1  001 000
  2797.54429   5  2  3   5  2  4   2.57E-01  5. 80 1  001 000
  2798.40480  11  3  9  10  2  8   3.56E-03  6. 80 1  100 000
  2798.44086   8  3  5   8  3  6   3.71E-02  3. 80 1  001 000
  2799.75854   1  0  1   0  0  0   5.87E-01  3. 80 1  001 000
  2800.67770   5  1  4   5  1  5   2.30E-04 10. 80 2  001 000
  2800.95160   9  1  8   8  3  5   3.50E-03 10. 80 1  001 000
  2801.23238   3  0  3   2  0  2   3.02E-03  4. 80 2  001 000
  2801.27495   3  1  2   3  1  3   2.57E-01  3. 80 1  001 000
  2801.91220   2  2  1   2  0  2   4.42E-05 10. 80 2  001 000
  2802.19495   6  4  3   5  3  2   1.21E-02  4. 80 1  100 000
  2802.28380   7  1  6   6  3  3   1.46E-02  3. 80 1  001 000
  2803.43924   3  2  1   2  2  0   1.40E-03  2. 80 2  001 000
  2803.72155   6  4  2   5  3  3   3.07E-02  4. 80 1  100 000
  2803.94400  15  1 15  14  0 14   2.73E-03 10. 80 1  100 000
  2804.11000   4  3  2   3  0  3   8.92E-04 10. 80 1  100 000
  2804.16080   8  1  7   7  3  4   4.83E-03 10. 80 1  001 000
  2805.93146   6  2  4   6  2  5   7.32E-02  5. 80 1  001 000
  2806.15789   3  1  2   2  1  1   2.53E-03  2. 80 2  001 000
  2806.59850   6  2  4   5  1  5   8.67E-03  8. 80 1  100 000
  2806.96930   4  2  3   4  0  4   1.49E-04  3. 80 2  001 000
  2807.63070   5  5  1   4  4  0   4.87E-02  4. 80 1  100 000
  2807.74210   9  2  7   8  4  4   3.74E-03 10. 80 1  001 000
  2807.84675   9  3  6   9  3  7   3.64E-02  3. 80 1  001 000
  2808.28090   8  2  6   8  2  7   5.30E-05 10. 80 2  001 000
  2808.62183   4  1  4   3  1  3   3.14E-03  4. 80 2  001 000
  2808.77025   2  1  2   1  1  1   8.35E-01  4. 80 1  001 000
  2810.22090   4  1  3   4  1  4   8.43E-02  3. 80 1  001 000
  2810.56587   4  0  4   3  0  3   1.68E-03  2. 80 2  001 000
  2811.08200  16  0 16  15  1 15   1.28E-03 10. 80 1  100 000
  2811.21363   2  0  2   1  0  1   5.46E-01  4. 80 1  001 000
  2811.47580   7  4  4   6  3  3   1.55E-02  4. 80 1  100 000
  2811.85927   4  3  2   3  3  1   9.73E-04  2. 80 2  001 000
  2812.12630   5  2  4   5  0  5   8.22E-05 10. 80 2  001 000
  2812.29150   4  3  1   3  3  0   4.95E-04  2. 80 2  001 000
  2812.76419   4  2  3   3  2  2   2.14E-03  4. 80 2  001 000
  2813.65370   7  3  4   6  2  5   8.29E-03  5. 80 1  100 000
  2813.68577   2  1  1   1  1  0   3.97E-01  4. 80 1  001 000
  2815.99920   7  4  3   6  3  4   1.20E-02  3. 80 1  100 000
  2816.12570   7  2  5   7  2  6   8.19E-02  3. 80 1  001 000
  2817.15879   4  2  2   3  2  1   1.03E-03  2. 80 2  001 000
  2818.07600  11  2  9  10  4  6   1.70E-03 10. 80 1  001 000
  2818.13106   5  1  5   4  1  4   1.61E-03  2. 80 2  001 000
  2818.18772   4  1  3   3  1  2   1.43E-03  3. 80 2  001 000
  2818.71520   6  2  5   6  0  6   1.26E-04 10. 80 2  001 000
  2818.74680   6  5  2   5  4  1   1.67E-02  3. 80 1  100 000
  2818.79603   6  5  1   5  4  2   3.10E-02  4. 80 1  100 000
  2818.81500   8  4  5   7  3  4   4.74E-03 10. 80 1  100 000
  2818.95840  10  3  7  10  3  8   8.27E-03 10. 80 1  001 000
  2819.11552   3  1  3   2  1  2   6.80E-01  5. 80 1  001 000
  2819.37593   5  0  5   4  0  4   3.18E-03  4. 80 2  001 000
  2819.74200   9  2  7   9  2  8   5.61E-05  6. 80 2  001 000
  2820.36780   5  3  3   4  0  4   6.06E-03  5. 80 1  100 000
  2820.53885   5  1  4   5  1  5   1.14E-01  4. 80 1  001 000
  2820.89298   5  4  2   4  4  1   2.79E-04  3. 80 2  001 000
  2820.95920   5  4  1   4  4  0   5.51E-04  2. 80 2  001 000
  2821.98940   7  1  6   7  1  7   1.17E-04  6. 80 2  001 000
  2823.31627   2  2  1   2  0  2   1.94E-02  5. 80 1  001 000
  2823.56630   3  2  1   2  2  0   6.53E-01  6. 80 1  001 000
  2823.63401   5  2  4   4  2  3   1.12E-03  3. 80 2  001 000
  2823.91941   5  3  3   4  3  2   6.81E-04  2. 80 2  001 000
  2824.89130   3  2  2   3  0  3   2.46E-02  3. 80 1  001 000
  2825.33606   5  3  2   4  3  1   1.33E-03  2. 80 2  001 000
  2826.31300   8  3  6   8  1  7   5.89E-05  7. 80 2  001 000
  2826.44170   3  1  2   2  1  1   1.18E+00  3. 80 1  001 000
  2827.33583   6  1  6   5  1  5   3.02E-03  3. 80 2  001 000
  2827.43860   8  2  6   8  2  7   2.38E-02  3. 80 1  001 000
  2828.11382   4  2  3   4  0  4   7.33E-02  2. 80 1  001 000
  2828.15288   6  0  6   5  0  5   5.87E-04  5. 80 2  001 000
  2829.08364   4  1  4   3  1  3   1.70E+00  8. 80 1  001 000
  2829.18225   5  1  4   4  1  3   2.71E-03  3. 80 2  001 000
  2829.34610  11  4  8  10  3  7   2.97E-03 10. 80 1  100 000
  2829.51800   8  4  4   7  3  5   1.68E-02  6. 80 1  100 000
  2829.55160   7  5  3   6  4  2   2.48E-02  4. 80 1  100 000
  2829.59290   6  5  2   5  5  1   3.45E-04 10. 80 2  001 000
  2829.79320   7  5  2   6  4  3   1.32E-02  3. 80 1  100 000
  2830.58210  10  2  8  10  2  9   1.80E-05 10. 80 2  001 000
  2830.79570   5  2  3   4  2  2   2.14E-03  4. 80 2  001 000
  2831.02300  11  3  8  11  3  9   8.08E-03  5. 80 1  001 000
  2831.13248   4  0  4   3  0  3   7.54E-01  4. 80 1  001 000
  2831.35376   6  1  5   6  1  6   3.58E-02  2. 80 1  001 000
  2831.96786   4  3  2   3  3  1   4.57E-01  3. 80 1  001 000
  2832.35585   4  3  1   3  3  0   2.26E-01  3. 80 1  001 000
  2833.06631   4  2  3   3  2  2   9.70E-01  8. 80 1  001 000
  2833.09700   5  2  4   5  0  5   3.87E-02  3. 80 1  001 000
  2833.25510   6  4  3   5  4  2   7.20E-04  7. 80 2  001 000
  2833.33180   6  6  0   5  5  1   4.46E-02  3. 80 1  100 000
  2833.53930   6  4  2   5  4  1   3.67E-04  3. 80 2  001 000
  2833.97970   6  2  5   5  2  4   2.08E-03  2. 80 2  001 000
  2834.03180   7  6  1   6  6  0   1.92E-04  5. 80 2  001 000
  2834.47878   8  2  7   8  0  8   6.12E-05  5. 80 2  001 000
  2834.50040   7  2  5   6  1  6   5.17E-03  5. 80 1  100 000
  2835.70844   6  3  4   5  3  3   1.37E-03  2. 80 2  001 000
  2835.92350   8  3  5   7  2  6   1.35E-02 10. 80 1  100 000
  2836.37050   7  0  7   6  0  6   2.57E-03  5. 80 2  001 000
  2836.37840   7  1  7   6  1  6   1.29E-03  5. 80 2  001 000
  2837.26898   4  2  2   3  2  1   5.02E-01  5. 80 1  001 000
  2838.56155   4  1  3   3  1  2   6.42E-01  5. 80 1  001 000
  2838.68385   5  1  5   4  1  4   8.20E-01  6. 80 1  001 000
  2838.85930   6  1  5   5  1  4   1.15E-03  3. 80 2  001 000
  2839.01258   9  2  7   9  2  8   2.74E-02  3. 80 1  001 000
  2839.02720   6  3  3   5  3  2   6.77E-04  7. 80 2  001 000
  2839.09350   6  3  4   5  0  5   1.46E-02  4. 80 1  100 000
  2839.54062   6  2  5   6  0  6   6.26E-02  3. 80 1  001 000
  2839.86950   8  5  4   7  4  3   9.20E-03  7. 80 1  100 000
  2840.02280   5  0  5   4  0  4   1.50E+00 10. 80 1  001 000
  2840.72570   8  5  3   7  4  4   2.09E-02  4. 80 1  100 000
  2840.84140   5  4  2   4  4  1   1.26E-01  3. 80 1  001 000
  2840.89820   5  4  1   4  4  0   2.57E-01  3. 80 1  001 000
  2841.12950   8  7  2   7  7  1   7.10E-05  3. 80 2  001 000
  2841.30070   9  1  8   9  1  9   4.65E-05 10. 80 2  001 000
  2841.96420   7  1  6   7  1  7   4.92E-02  3. 80 1  001 000
  2842.46220   7  5  3   6  5  2   1.43E-04 10. 80 2  001 000
  2842.50020   7  5  2   6  5  1   2.90E-04  8. 80 2  001 000
  2843.16980  12  3  9  12  3 10   1.96E-03 10. 80 1  001 000
  2843.34340   9  2  8   9  0  9   1.36E-05 10. 80 2  001 000
  2843.75560   6  2  4   5  2  3   1.01E-03  4. 80 2  001 000
  2843.79980   7  2  6   6  2  5   8.73E-04  2. 80 2  001 000
  2843.85820   7  6  2   6  5  1   5.03E-02  3. 80 1  100 000
  2843.88670   6  3  4   6  1  5   3.28E-02  3. 80 1  001 000
  2844.02448   5  2  4   4  2  3   5.15E-01  4. 80 1  001 000
  2844.06775   5  3  3   4  3  2   3.32E-01  3. 80 1  001 000
  2844.41850   8  6  3   7  6  2   1.96E-04  6. 80 2  001 000
  2844.67970   8  1  8   7  1  7   2.00E-03  2. 80 2  001 000
  2844.72470   7  3  5   7  1  6   1.82E-02  3. 80 1  001 000
  2845.01225   8  0  8   7  0  7   1.10E-03  5. 80 2  001 000
  2845.13010   9  4  5   8  3  6   5.53E-03  6. 80 1  100 000
  2845.35040   5  3  2   4  3  1   7.38E-01  3. 80 1  001 000
  2845.54862   7  4  4   6  4  3   4.14E-04  3. 80 2  001 000
  2846.39100   9  8  1   8  8  0   2.45E-05 15. 80 2  001 000
  2846.42284   7  4  3   6  4  2   7.10E-04  3. 80 2  001 000
  2847.01090   7  2  6   7  0  7   2.35E-02  3. 80 1  001 000
  2847.07818   7  3  5   6  3  4   6.77E-04  3. 80 2  001 000
  2847.35855   7  1  6   6  1  5   1.89E-03  3. 80 2  001 000
  2847.48620   4  3  2   4  1  3   1.26E-02  3. 80 1  001 000
  2847.57820   2  2  0   1  0  1   7.28E-03  4. 80 1  001 000
  2847.71680   8  3  6   8  1  7   2.87E-02  2. 80 1  001 000
  2847.97518   6  1  6   5  1  5   1.31E+00  3. 80 1  001 000
  2848.81630   6  0  6   5  0  5   6.51E-01  3. 80 1  001 000
  2849.14700   6  5  2   5  5  1   1.95E-01  5. 80 1  001 000
  2849.36860   9  5  5   8  4  4   1.34E-02  5. 80 1  100 000
  2849.69470   5  1  4   4  1  3   1.23E+00 10. 80 1  001 000
  2850.08520  10  2  8  10  2  9   6.94E-03 10. 80 1  001 000
  2850.95242   5  2  3   4  2  2   9.95E-01  6. 80 1  001 000
  2851.82450   9  5  4   8  4  5   6.89E-03 10. 80 1  100 000
  2851.96350   9  7  2   8  7  1   7.85E-05 10. 80 2  001 000
  2852.07800   8  1  7   8  1  8   1.55E-02  4. 80 1  001 000
  2852.51660   7  6  1   6  6  0   7.60E-02  3. 80 1  001 000
  2852.59650   9  3  7   9  1  8   1.16E-02  7. 80 1  001 000
  2853.12493   7  3  4   6  3  3   1.21E-03  2. 80 2  001 000
  2853.17933   8  2  7   7  2  6   1.37E-03  3. 80 2  001 000
  2853.21063   6  4  3   5  4  2   3.33E-01  3. 80 1  001 000
  2853.44300   9  1  9   8  1  8   7.14E-04  8. 80 2  001 000
  2853.53754   9  0  9   8  0  8   1.53E-03  2. 80 2  001 000
  2854.24700   8  6  3   7  5  2   1.42E-02  4. 80 1  100 000
  2854.25900   8  6  2   7  5  3   2.86E-02  4. 80 1  100 000
  2854.47673   6  2  5   5  2  4   1.01E+00  6. 80 1  001 000
  2854.80700   9  6  4   8  6  3   4.91E-05 10. 80 2  001 000
  2854.82870   9  6  3   8  6  2   9.85E-05 10. 80 2  001 000
  2855.13330   8  2  7   8  0  8   3.42E-02  3. 80 1  001 000
  2855.16700   8  5  4   7  5  3   2.57E-04  6. 80 2  001 000
  2855.24420   8  1  7   7  1  6   7.42E-04  4. 80 2  001 000
  2855.30500   8  5  3   7  5  2   1.27E-04  3. 80 2  001 000
  2855.65364   7  2  5   6  2  4   1.57E-03  2. 80 2  001 000
  2856.74360   7  0  7   6  0  6   1.06E+00  5. 80 1  001 000
  2856.80660   5  4  2   4  1  3   8.70E-03  8. 80 1  100 000
  2857.05295   7  1  7   6  1  6   6.10E-01  4. 80 1  001 000
  2857.53110  10  5  6   9  4  5   3.18E-03  4. 80 1  100 000
  2857.65220   8  4  5   7  4  4   5.44E-04  4. 80 2  001 000
  2857.91845   8  3  6   7  3  5   9.56E-04  4. 80 2  001 000
  2858.96449   6  3  3   5  3  2   3.17E-01  3. 80 1  001 000
  2859.52185   6  1  5   5  1  4   5.40E-01  5. 80 1  001 000
  2859.77550   8  4  4   7  4  3   2.73E-04  3. 80 2  001 000
  2859.84750  10  4  7  10  2  8   6.36E-03  3. 80 1  001 000
  2860.21830   8  7  2   7  7  1   3.21E-02  3. 80 1  001 000
  2860.29800  11  2  9  11  2 10   7.70E-03 10. 80 1  001 000
  2861.02274   7  3  5   6  0  6   1.84E-01  3. 80 1  100 000
  2861.18050   9  4  6   9  2  7   3.96E-03 10. 80 1  001 000
  2861.24290   9  3  6   8  2  7   7.91E-03  3. 80 1  100 000
  2861.65320   9  1  8   9  1  9   2.16E-02  3. 80 1  001 000
  2861.83010   3  2  1   2  0  2   3.45E-02  3. 80 1  001 000
  2861.91770   7  5  3   6  5  2   7.46E-02  3. 80 1  001 000
  2861.95150   7  5  2   6  5  1   1.40E-01  3. 80 1  001 000
  2862.37640   8  6  3   7  6  2   7.84E-02  3. 80 1  001 000
  2862.53365   9  2  8   8  2  7   4.63E-04  2. 80 2  001 000
  2862.70030  10  7  4   9  7  3   6.89E-05 10. 80 2  001 000
  2863.00841   9  1  8   8  1  7   9.85E-04  2. 80 2  001 000
  2863.23610   8  2  6   7  1  7   3.26E-01  3. 80 1  100 000
  2863.50420  10  5  5   9  4  6   9.20E-03 10. 80 1  100 000
  2863.59770  10  4  6   9  3  7   9.17E-03 10. 80 1  100 000
  2864.03341   6  2  4   5  2  3   4.55E-01  3. 80 1  001 000
  2864.37790  12  4  9  12  2 10   2.56E-03 10. 80 1  001 000
  2864.41195   7  2  6   6  2  5   4.19E-01  4. 80 1  001 000
  2864.47060   9  6  4   8  5  3   2.18E-02  5. 80 1  100 000
  2864.53260   9  6  3   8  5  4   1.18E-02  5. 80 1  100 000
  2864.64700   8  4  5   8  2  6   7.48E-03 10. 80 1  001 000
  2865.04700   3  3  0   3  1  3   1.66E-03 10. 80 1  001 000
  2865.16330  10  6  5   9  6  4   6.67E-05 10. 80 2  001 000
  2865.22900  10  6  4   9  6  3   3.71E-05 10. 80 2  001 000
  2865.52512   7  4  4   6  4  3   1.68E-01  3. 80 1  001 000
  2865.79029   8  0  8   7  0  7   4.60E-01  3. 80 1  001 000
  2865.90780   9  8  1   8  8  0   1.10E-02  5. 80 1  001 000
  2866.19545   8  2  6   7  2  5   5.67E-04  4. 80 2  001 000
  2866.28494   7  4  3   6  4  2   3.21E-01  3. 80 1  001 000
  2866.43490  11  3  9  11  1 10   3.23E-03 10. 80 1  001 000
  2866.91227   8  1  8   7  1  7   6.29E-01  4. 80 1  001 000
  2866.99130   8  3  5   7  3  4   4.42E-04  2. 80 2  001 000
  2867.38266   7  3  5   6  3  4   2.73E-01  3. 80 1  001 000
  2867.56530  10  3  7  10  0 10   5.67E-03 10. 80 1  100 000
  2867.68910   9  5  5   8  5  4   1.03E-04  6. 80 2  001 000
  2868.08836   9  5  4   8  5  3   2.14E-04  5. 80 2  001 000
  2868.16608   7  1  6   6  1  5   8.35E-01  3. 80 1  001 000
  2868.19420   9  3  7   8  3  6   3.24E-04  2. 80 2  001 000
  2869.42510   9  4  6   8  4  5   2.20E-04  5. 80 2  001 000
  2869.54690   7  4  4   7  2  5   3.17E-03  5. 80 1  001 000
  2870.25790  11  1 11  10  1 10   3.55E-04  4. 80 2  001 000
  2870.27390  11  0 11  10  0 10   6.97E-04  3. 80 2  001 000
  2870.78700  10  1  9  10  1 10   6.63E-03 10. 80 1  001 000
  2870.81220   9  7  2   8  7  1   3.58E-02  3. 80 1  001 000
  2870.83300  10  1  9   9  1  8   3.41E-04 10. 80 2  001 000
  2871.70600   4  3  1   4  1  4   1.25E-03 10. 80 1  001 000
  2872.38080   9  6  4   8  6  3   1.96E-02  5. 80 1  001 000
  2872.39350   9  6  3   8  6  2   3.93E-02  5. 80 1  001 000
  2873.03330   7  3  4   6  3  3   5.56E-01  3. 80 1  001 000
  2873.88604   8  2  7   7  2  6   6.31E-01  4. 80 1  001 000
  2874.26295   9  1  9   8  1  8   3.53E-01  4. 80 1  001 000
  2874.41189   9  0  9   8  0  8   6.53E-01  3. 80 1  001 000
  2874.45000  10  6  5   9  5  4   7.00E-03  4. 80 1  100 000
  2874.55650  10  2  9  10  0 10   7.06E-03 10. 80 1  001 000
  2874.59387   8  5  4   7  5  3   1.24E-01  3. 80 1  001 000
  2874.69950  10  6  4   9  5  5   1.49E-02  5. 80 1  100 000
  2874.71731   8  5  3   7  5  2   6.22E-02  3. 80 1  001 000
  2875.01740   6  4  3   6  2  4   4.83E-03  5. 80 1  001 000
  2875.16520   8  7  1   7  6  2   2.59E-02  3. 80 1  100 000
  2875.21500   9  2  7   8  2  6   7.56E-04  4. 80 2  001 000
  2876.12676   7  2  5   6  2  4   7.60E-01  4. 80 1  001 000
  2876.17325   8  1  7   7  1  6   3.27E-01  3. 80 1  001 000
  2876.34730  11  5  6  10  4  7   2.57E-03 10. 80 1  100 000
  2877.67430   8  4  5   7  4  4   2.59E-01  4. 80 1  001 000
  2878.01031  10  3  8   9  3  7   4.75E-04  5. 80 2  001 000
  2878.13130  11  2 10  10  2  9   2.18E-04  4. 80 2  001 000
  2878.34129   8  3  6   7  3  5   4.33E-01  3. 80 1  001 000
  2878.43600  13  2 11  13  2 12   2.17E-03 10. 80 1  001 000
  2878.46650  12  1 12  11  1 11   6.77E-04  4. 80 2  001 000
  2878.70600  11  1 10  10  1  9   4.32E-04  3. 80 2  001 000
  2879.07310   4  2  2   3  0  3   2.30E-02  3. 80 1  001 000
  2879.54535   8  4  4   7  4  3   1.31E-01  2. 80 1  001 000
  2879.96420   9  3  6   8  3  5   6.22E-04  2. 80 2  001 000
  2879.98590  10  5  6   9  5  5   1.42E-04  5. 80 2  001 000
  2880.22470   5  4  2   5  2  3   1.11E-03 10. 80 1  001 000
  2880.74760  10  4  7   9  4  6   3.12E-04  6. 80 2  001 000
  2880.96700  10  5  5   9  5  4   6.85E-05  5. 80 2  001 000
  2881.30940  10  7  4   9  7  3   2.60E-02  3. 80 1  001 000
  2881.38500   5  3  2   5  1  5   2.60E-03 10. 80 1  001 000
  2882.40867  10  6  5   9  6  4   2.64E-02  2. 80 1  001 000
  2882.44835  10  6  4   9  6  3   1.31E-02  4. 80 1  001 000
  2882.85868  10  1 10   9  1  9   5.14E-01  3. 80 1  001 000
  2882.91236  10  0 10   9  0  9   2.54E-01  3. 80 1  001 000
  2883.08675   9  2  8   8  2  7   2.31E-01  3. 80 1  001 000
  2883.76000   8  3  6   7  0  7   3.66E-03 10. 80 1  100 000
  2884.01017   9  1  8   8  1  7   4.81E-01  8. 80 1  001 000
  2884.83440  11  6  5  10  5  6   4.92E-03  8. 80 1  100 000
  2885.10910  11  4  7  10  3  8   4.69E-03 10. 80 1  100 000
  2885.75200  12 10  3  11 10  2   1.11E-03 15. 80 1  001 000
  2886.30510  12  2 11  11  2 10   2.61E-04  4. 80 2  001 000
  2886.54830  13  0 13  12  0 12   4.65E-04  4. 80 2  001 000
  2886.56810  12  1 11  11  1 10   1.06E-04 10. 80 2  001 000
  2886.94177   8  2  6   7  2  5   2.69E-01  3. 80 1  001 000
  2886.98950   8  3  5   7  3  4   2.16E-01  3. 80 1  001 000
  2887.07110  10  3  7   9  2  8   1.37E-01  4. 80 1  100 000
  2887.13508   9  5  5   8  5  4   4.78E-02  2. 80 1  001 000
  2887.18780  11  8  3  10  8  2   7.70E-03  3. 80 1  001 000
  2887.49505   9  5  4   8  5  3   9.64E-02  3. 80 1  001 000
  2887.83100  10  4  6   9  4  5   1.34E-04  8. 80 2  001 000
  2887.96290   9  7  3   8  6  2   3.10E-02  3. 80 1  100 000
  2888.07580  11  3  9  10  3  8   1.14E-04  5. 80 2  001 000
  2888.16630  12  1 11  12  1 12   1.62E-03 10. 80 1  001 000
  2888.19380  12  2 11  12  0 12   4.10E-03 10. 80 1  001 000
  2888.74191   9  3  7   8  3  6   1.54E-01  3. 80 1  001 000
  2889.52388   9  4  6   8  4  5   9.58E-02  2. 80 1  001 000
  2889.86010  11  2  9  10  2  8   2.77E-04 10. 80 2  001 000
  2890.21300   3  3  0   2  1  1   5.77E-03 10. 80 1  001 000
  2890.82790   8  4  5   7  1  6   7.50E-03  8. 80 1  100 000
  2891.27668  11  1 11  10  1 10   1.63E-01  3. 80 1  001 000
  2891.29904  11  0 11  10  0 10   3.11E-01  3. 80 1  001 000
  2891.47400  10  5  6  10  3  7   1.07E-03 10. 80 1  001 000
  2891.57700  11  4  8  10  4  7   8.28E-05  4. 80 2  001 000
  2891.60690  10  3  7   9  3  6   1.95E-04  8. 80 2  001 000
  2891.71000  11  7  5  10  7  4   5.67E-03  7. 80 1  001 000
  2891.72000  11  7  4  10  7  3   1.13E-02  7. 80 1  001 000
  2891.88097  10  1  9   9  1  8   1.56E-01  2. 80 1  001 000
  2892.39330  11  7  4  10  6  5   7.49E-03 10. 80 1  100 000
  2892.49350  11  7  5  10  6  4   1.50E-02  5. 80 1  100 000
  2892.69390   5  4  1   5  2  4   2.18E-03  7. 80 1  001 000
  2892.81380  12  6  7  11  5  6   1.52E-03 10. 80 1  100 000
  2893.33095   9  4  5   8  4  4   1.94E-01  3. 80 1  001 000
  2894.06248  10  2  9   9  2  8   1.77E-01  2. 80 1  001 000
  2894.08950  11  5  6  10  5  5   9.87E-05 10. 80 2  001 000
  2894.24548  13  2 12  12  2 11   7.63E-05 10. 80 2  001 000
  2894.37000  13  1 12  12  1 11   1.49E-04  3. 80 2  001 000
  2894.50380  14  1 14  13  1 13   2.32E-04  3. 80 2  001 000
  2895.10660  12  6  6  11  5  7   3.63E-03 10. 80 1  100 000
  2895.15520   9  2  7   8  1  8   2.31E-03 10. 80 1  100 000
  2896.28013   9  2  7   8  2  6   3.64E-01  4. 80 1  001 000
  2896.54000  13  1 12  13  1 13   1.87E-03 10. 80 1  001 000
  2896.57300   9  8  2   8  7  1   1.72E-03 10. 80 1  100 000
  2896.65330  12  2 10  11  2  9   7.71E-05  5. 80 2  001 000
  2897.63900  12  8  5  11  8  4   4.79E-03  7. 80 1  001 000
  2898.62442  10  3  8   9  3  7   1.96E-01  5. 80 1  001 000
  2898.91400  11  2 10  10  2  9   9.63E-02  6. 80 1  001 000
  2899.48380  10  5  6   9  5  5   6.51E-02  3. 80 1  001 000
  2899.55800  12  1 12  11  1 11   2.03E-01 10. 80 1  001 000
  2899.56600  12  0 12  11  0 11   1.02E-01 10. 80 1  001 000
  2899.79897  11  1 10  10  1  9   2.14E-01  3. 80 1  001 000
  2900.04720   4  3  1   3  1  2   6.94E-03  6. 80 1  001 000
  2900.14340   5  2  3   4  0  4   3.48E-02  5. 80 1  001 000
  2900.18160   9  3  6   8  3  5   2.96E-01  3. 80 1  001 000
  2900.37420  10  5  5   9  5  4   3.47E-02  3. 80 1  001 000
  2900.45910  10  7  3   9  6  4   1.75E-02  3. 80 1  100 000
  2900.48060  10  7  4   9  6  3   8.32E-03  6. 80 1  100 000
  2900.76870  14  2 13  13  2 12   7.75E-05  7. 80 2  001 000
  2900.94814  10  4  7   9  4  6   1.26E-01  2. 80 1  001 000
  2901.50880  12  4  9  11  4  8   1.14E-04 10. 80 2  001 000
  2901.64770  11  3  8  10  3  7   1.96E-04 10. 80 2  001 000
  2902.00800  12  7  6  11  7  5   4.28E-03 10. 80 1  001 000
  2902.04470  12  7  5  11  7  4   2.35E-03 10. 80 1  001 000
  2902.28990  12  7  5  11  6  6   7.88E-03  5. 80 1  100 000
  2902.31200  13  9  4  12  9  3   1.17E-03 10. 80 1  001 000
  2902.49600  12  7  6  11  6  5   3.85E-03 10. 80 1  100 000
  2903.56260  13  2 11  12  2 10   8.07E-05  4. 80 2  001 000
  2904.24102  10  2  8   9  2  7   1.12E-01  3. 80 1  001 000
  2907.09010   9  4  6   8  1  7   6.60E-03 10. 80 1  100 000
  2907.33834  12  2 11  11  2 10   1.14E-01  3. 80 1  001 000
  2907.47121  10  4  6   9  4  5   6.29E-02  3. 80 1  001 000
  2907.97400  13  8  5  12  8  4   2.65E-03 10. 80 1  001 000
  2908.01650  13  5  8  12  4  9   1.96E-03  7. 80 1  100 000
  2908.25722  11  3  9  10  3  8   5.85E-02  2. 80 1  001 000
  2908.35540   9  3  7   8  0  8   1.50E-03 10. 80 1  100 000
  2908.59700  10  8  2   9  7  3   2.62E-03 10. 80 1  100 000
  2909.68430  12  3  9  11  3  8   4.42E-05 10. 80 2  001 000
  2910.53990   5  3  2   4  1  3   2.60E-02  3. 80 1  001 000
  2911.32417  11  2  9  10  2  8   1.35E-01  2. 80 1  001 000
  2911.56478  11  5  7  10  5  6   2.31E-02 10. 80 1  001 000
  2911.87057  11  4  8  10  4  7   3.78E-02  3. 80 1  001 000
  2912.07510  13  7  6  12  6  7   1.97E-03 10. 80 1  100 000
  2912.15218  10  3  7   9  3  6   9.04E-02  4. 80 1  001 000
  2912.20300  13  7  7  12  7  6   1.60E-03 10. 80 1  001 000
  2912.30040  13  7  6  12  7  5   3.21E-03 10. 80 1  001 000
  2912.40500  13  7  7  12  6  6   3.39E-03 10. 80 1  100 000
  2912.69890  11  6  6  10  6  5   6.21E-03  5. 80 1  001 000
  2912.76200  11  6  5  10  6  4   1.34E-02  4. 80 1  001 000
  2913.35800  12  4  8  11  4  7   4.36E-05 10. 80 2  001 000
  2913.48130  11  5  6  10  5  5   4.34E-02  3. 80 1  001 000
  2914.06750   4  3  2   3  1  3   6.64E-03  5. 80 1  001 000
  2915.39730  13  2 12  12  2 11   3.34E-02  3. 80 1  001 000
  2915.57170  13  1 12  12  1 11   6.74E-02  2. 80 1  001 000
  2915.74360  14  1 14  13  1 13   1.02E-01  3. 80 1  001 000
  2917.26700   7  3  4   6  1  5   6.99E-05 10. 80 2  001 000
  2917.43800  14  6  8  13  5  9   1.64E-03 10. 80 1  100 000
  2918.13270  12  2 10  11  2  9   3.64E-02  2. 80 1  001 000
  2919.54388  12  3 10  11  3  9   4.64E-02  3. 80 1  001 000
  2920.41620  11  8  4  10  7  3   2.61E-03 10. 80 1  100 000
  2920.54880  11  3  8  10  2  9   2.89E-03 10. 80 1  100 000
  2921.43870  11  4  7  10  4  6   7.65E-02  2. 80 1  001 000
  2921.73880  13  3 11  12  3 10   1.87E-02  4. 80 1  001 000
  2921.77140  14  7  7  13  6  8   2.20E-03 10. 80 1  100 000
  2922.26600  14  7  8  13  7  7   3.12E-02 10. 80 1  001 000
  2922.32127  12  4  9  11  4  8   4.71E-02  4. 80 1  001 000
  2922.50590  14  7  7  13  7  6   1.50E-03 10. 80 1  001 000
  2922.61442  11  3  8  10  3  7   1.03E-01  2. 80 1  001 000
  2923.03720   6  3  3   5  1  4   1.69E-02  3. 80 1  001 000
  2923.26150  14  2 13  13  2 12   3.60E-02  3. 80 1  001 000
  2923.30130  12  5  8  11  5  7   2.44E-02  3. 80 1  001 000
  2923.34460  14  1 13  13  1 12   1.66E-02  5. 80 1  001 000
  2923.64674  15  0 15  14  0 14   5.53E-02  3. 80 1  001 000
  2924.68200  12  6  7  11  6  6   9.74E-03 10. 80 1  001 000
  2924.84900  12  6  6  11  6  5   5.02E-03 10. 80 1  001 000
  2924.98680   6  2  4   5  0  5   1.04E-02 10. 80 1  001 000
  2925.01570  13  2 11  12  2 10   4.01E-02  2. 80 1  001 000
  2926.03910  10  4  7   9  1  8   1.67E-03 10. 80 1  100 000
  2926.47600  14  5  9  13  4 10   4.16E-03 10. 80 1  100 000
  2926.91980  12  5  7  11  5  6   1.24E-02  5. 80 1  001 000
  2930.50580  14  3 12  13  3 11   2.09E-02  5. 80 1  001 000
  2930.97200  15  2 14  14  2 13   9.24E-03 10. 80 1  001 000
  2931.01170  15  1 14  14  1 13   1.85E-02  3. 80 1  001 000
  2931.41500  12  3  9  11  3  8   2.79E-02 10. 80 1  001 000
  2931.41950  16  1 16  15  1 15   2.82E-02 10. 80 1  001 000
  2932.01440  12  8  4  11  7  5   2.45E-03 10. 80 1  100 000
  2932.04330  14  2 12  13  2 11   1.04E-02  6. 80 1  001 000
  2932.60072  13  4 10  12  4  9   1.10E-02  2. 80 1  001 000
  2932.64230   5  3  3   4  1  4   4.24E-03 10. 80 1  001 000
  2932.68860  15  7  8  14  7  7   9.99E-04 10. 80 1  001 000
  2934.56950  12  4  8  11  4  7   2.19E-02  3. 80 1  001 000
  2934.64330  13  5  9  12  5  8   6.74E-03 10. 80 1  001 000
  2936.37900   4  4  0   3  2  1   1.69E-03 10. 80 1  001 000
  2936.41200  13  6  8  12  6  7   1.99E-03 15. 80 1  001 000
  2936.73870  10 10  0  11  7  5   1.50E-03 10. 80 1  100 000
  2936.80950  13  6  7  12  6  6   5.56E-03  5. 80 1  001 000
  2937.90580   9  5  5   8  2  6   2.12E-03 10. 80 1  100 000
  2938.37300  15  3 13  14  3 12   5.06E-03  6. 80 1  001 000
  2938.54180  16  2 15  15  2 14   9.30E-03  7. 80 1  001 000
  2938.56220  16  1 15  15  1 14   5.08E-03  5. 80 1  001 000
  2938.58980   4  4  1   3  2  2   2.51E-03  5. 80 1  001 000
  2938.67220  13  3 10  12  3  9   2.77E-02  3. 80 1  001 000
  2938.91540   7  3  4   6  1  5   3.04E-02  3. 80 1  001 000
  2939.07040  17  0 17  16  0 16   1.35E-02  2. 80 1  001 000
  2939.15950  15  2 13  14  2 12   1.10E-02  8. 80 1  001 000
  2940.61420  13  5  8  12  5  7   1.43E-02  5. 80 1  001 000
  2944.09550  14  4 11  13  4 10   8.13E-03  6. 80 1  001 000
  2945.62900  14  5 10  13  5  9   7.20E-03 10. 80 1  001 000
  2945.87770  16  3 14  15  3 13   4.64E-03  4. 80 1  001 000
  2945.98550  17  1 16  16  1 15   5.62E-03  4. 80 1  001 000
  2946.10170   5  4  1   4  2  2   5.51E-03  5. 80 1  001 000
  2946.13870  10  5  6   9  2  7   1.10E-03 10. 80 1  100 000
  2946.28660  16  2 14  15  2 13   2.18E-03 10. 80 1  001 000
  2946.35330  13  4  9  12  4  8   2.15E-02  4. 80 1  001 000
  2946.58910  18  1 18  17  1 17   6.63E-03  4. 80 1  001 000
  2947.87400  14  6  9  13  6  8   2.59E-03  6. 80 1  001 000
  2948.74040  14  6  8  13  6  7   1.88E-03 10. 80 1  001 000
  2950.65130  15  3 12  14  3 11   6.01E-03  4. 80 1  001 000
  2952.10520   5  4  2   4  2  3   2.29E-03 10. 80 1  001 000
  2952.87010   7  2  5   6  0  6   1.06E-02  4. 80 1  001 000
  2953.15100  17  3 15  16  3 14   9.30E-04 10. 80 1  001 000
  2953.20800   6  3  4   5  1  5   7.49E-03 10. 80 1  001 000
  2953.28500  18  2 17  17  2 16   2.55E-03  5. 80 1  001 000
  2953.97600  19  0 19  18  0 18   2.85E-03 10. 80 1  001 000
  2954.17370  14  5  9  13  5  8   3.26E-03 10. 80 1  001 000
  2954.58750   6  4  2   5  2  3   4.59E-03  5. 80 1  001 000
  2956.47950  14  4 10  13  4  9   6.14E-03  6. 80 1  001 000
  2956.50600  15  5 11  14  5 10   1.70E-03 15. 80 1  001 000
  2957.13480  11  5  7  10  2  8   1.28E-03 10. 80 1  100 000
  2959.00280   8  3  5   7  1  6   9.74E-03  4. 80 1  001 000
  2960.79060  15  6  9  14  6  8   1.90E-03 10. 80 1  001 000
  2962.49990  17  3 14  16  3 13   9.85E-04 10. 80 1  001 000
  2962.55090   7  4  3   6  2  4   1.20E-02  5. 80 1  001 000
  2964.81140  15  4 11  14  4 10   4.05E-03 10. 80 1  001 000
  2966.69690   6  4  3   5  2  4   6.90E-03  4. 80 1  001 000
  2971.16360   8  4  4   7  2  5   7.15E-03  5. 80 1  001 000
  2975.66590   7  3  5   6  1  6   2.92E-03 10. 80 1  001 000
  2979.94690   5  5  0   4  3  1   1.63E-03 10. 80 1  001 000
  2981.86850   9  4  5   8  2  6   1.28E-02 10. 80 1  001 000
  2983.24000   9  3  6   8  1  7   1.11E-02  4. 80 1  001 000
  2993.15580   6  5  2   5  3  3   2.48E-03 10. 80 1  001 000
  2996.07930  10  4  6   9  2  7   4.28E-03  6. 80 1  001 000
  2999.77280   8  3  6   7  1  7   4.38E-03 10. 80 1  001 000
  3000.42970   8  4  5   7  2  6   5.90E-03  6. 80 1  001 000
  3002.10420   7  5  2   6  3  3   3.21E-03 10. 80 1  001 000
  3013.31080   9  2  7   8  0  8   3.17E-03 10. 80 1  001 000
  3017.94920   9  5  4   8  3  5   2.96E-03 10. 80 1  001 000
  3019.52530   8  5  4   7  3  5   2.80E-03 10. 80 1  001 000
  3030.87190  11  5  6  10  3  7   2.53E-03 10. 80 1  001 000
  3040.51400  11  3  8  10  1  9   2.15E-03  5. 80 1  001 000
  3041.33290  10  4  7   9  2  8   3.22E-03 10. 80 1  001 000
  3049.07700  10  5  6   9  3  7   2.04E-03 10. 80 1  001 000
  3064.34870  11  4  8  10  2  9   9.44E-04 10. 80 1  001 000
  3064.37200  13  4  9  12  2 10   1.18E-03 10. 80 1  001 000